37,47,12,46,12,49,4,49,7,12,14,7,37,47,12,46,12,49,4,49,7,12,14,7
17,6,17,6
17,16,17,16
5,36,5,3,5,36,5,3
51,3,51,3
7,5,12,7,12,7,12,7,113,12,7,12,10,7,5,12,7,12,7,12,7,113,12,7,12,10,7
20,39,20,39
4,7,4,7,4
44,7,12,44,7,12
79,15,79,15
7,62,10,7,62,10
39,7,39,7
33,12,33,12
7,23,5,7,23,5
4,7,4,7
5,44,5,44
7,18,7,18
7,17,7,17,7
20,31,20,31
1,7,1,7
17,38,17,38
5,7,5,7
7,5,7,5,7,5,12,7,5,7,5,7,5,12,7
39,51,15,20,18,28,18,39,51,75,33,23,39,51,39,51,15,20,18,28,18,39,51,75,33,23,39,51,39
5,39,7,5,39,7
7,12,7,12,7
46,30,46,30
4,18,4,18,4,74,5,4,18,4,18,4,74,5
64,7,64,7
7,55,7,55
59,92,59,92
7,12,7,12,7
12,3,12,3
12,7,12,7
51,33,39,31,7,51,33,39,31,7
4,3,27,3,108,4,3,4,3,27,3,108,4,3
6,34,44,7,6,34,44,7
66,32,66,32,66,32,66,32
9,68,104,9,68,104
12,100,12,100
12,17,12,17
12,7,12,7,12,5,7,12,7,12,7,12,5,7
32,23,32,20,23,32,23,32,20,23,32
34,7,99,28,18,7,34,3,41,49,4,34,7,99,28,18,7,34,3,41,49,4
7,14,73,4,74,77,74,77,4,7,14,87,78,7,14,73,4,74,77,74,77,4,7,14,87,78
7,4,7,4
11,10,57,11,10,57
37,3,37,3,37
36,7,36,7,36,7,36,7
3,81,3,81
42,4,12,42,4,12
16,7,20,53,16,7,20,53
12,7,12,7
3,74,8,17,22,3,74,8,17,22
52,40,69,7,2,44,52,40,69,7,2,44
5,7,12,5,7,12,5
12,5,12,5,12
7,3,7,3
12,7,12,7
44,67,44,67
36,61,36,61
3,7,2,3,7,2
7,5,7,5,7
7,60,2,7,60,2
11,4,11,4
18,5,18,5,18
36,7,25,36,7,25
92,23,92,23
7,23,11,15,23,15,7,23,11,15,23,15
85,5,85,5
4,49,23,4,49,23
52,44,6,52,44,6
35,59,23,35,6,35,59,23,35,6
7,15,3,7,15,3
64,65,26,64,65,26
15,7,15,7
7,20,7,20
7,12,7,65,51,7,12,7,65,51
64,13,8,23,8,42,64,13,8,23,8,42
2,28,7,5,2,28,7,5
31,39,31,39
17,120,84,17,120,84
5,7,10,5,7,10
38,7,38,7,5,7,38,7,38,7,5,7
7,43,8,9,43,7,43,8,9,43
81,7,81,7
7,23,7,5,7,23,7,5,7
58,15,58,15,64,5,15,58,15,58,15,64,5,15
17,28,12,20,63,62,20,7,76,7,17,28,12,20,63,62,20,7,76,7
7,5,7,5,7
52,3,52,3
7,4,63,7,4,63,7
39,7,39,7
23,64,104,64,86,23,64,104,64,86
7,6,7,6,7,6,7,6
24,78,91,78,24,78,91,78
3,10,62,10,3,10,62,10
7,28,7,28
7,68,7,68
6,27,12,27,6,27,12,27
35,7,35,10,35,7,35,7,35,10,35,7,35
6,17,6,17,7,10,36,7,12,7,6,17,6,17,7,10,36,7,12,7
33,39,2,33,39,2
36,7,36,7
7,37,7,37
18,28,55,18,28,55
55,23,55,23
68,10,57,76,68,10,57,76
5,7,3,12,5,7,3,12
57,10,57,11,62,57,10,57,11,62
88,35,5,15,2,64,15,88,35,5,15,2,64,15
12,39,34,4,12,39,34,4
23,2,76,23,2,76
67,63,44,67,63,44
2,62,75,15,20,13,2,62,75,15,20,13
34,7,108,3,29,34,7,108,3,29
17,15,8,17,15,8
7,4,7,4
7,23,7,23
5,7,98,12,5,4,5,7,98,12,5,4,5
5,10,7,5,10,7
6,17,6,17
6,7,6,7
16,32,3,15,16,32,3,15
7,20,7,20
62,20,62,20,62
37,7,37,7
5,7,5,7
7,6,17,55,7,6,17,55,7
5,7,5,7,5,7,5,7,5,7,5,7
121,5,34,52,5,52,34,121,5,34,52,5,52,34
3,32,3,32
12,17,12,17
7,6,7,6,7
7,5,7,5
4,5,7,4,5,7
6,8,6,8
5,10,5,10
85,71,63,7,85,71,63,7
12,60,12,60,12
7,39,7,39,7
16,7,16,7
120,12,44,4,120,12,44,4
81,4,3,81,3,23,81,23,7,3,7,3,7,81,4,3,81,3,23,81,23,7,3,7,3,7
7,65,3,7,65,3
5,7,5,7
7,4,7,4
7,33,7,12,7,33,7,12
7,51,7,51
7,34,7,34
7,81,7,81,20,7,81,7,81,20
36,12,49,7,23,12,98,5,36,12,49,7,23,12,98,5
7,25,7,25
38,19,23,19,38,19,23,19
7,39,7,39
3,6,3,12,39,6,3,6,3,12,39,6
12,4,12,4
12,76,11,12,76,11
12,20,23,12,20,23
5,7,5,7
7,4,37,7,4,37,7
3,7,3,7,3
6,17,6,7,6,17,6,7
66,7,66,7
4,7,4,7
7,121,7,121,7
7,12,7,12
7,83,24,7,34,7,12,7,12,7,34,7,83,24,7,34,7,12,7,12,7,34,7
16,71,16,71
59,5,59,5
10,62,30,37,32,66,32,34,7,74,32,34,62,10,62,30,37,32,66,32,34,7,74,32,34,62
5,7,4,7,5,7,4,7
5,10,59,26,13,25,5,10,59,26,13,25
7,12,37,57,7,12,37,57,7
5,7,17,7,5,7,17,7
8,7,8,7
7,10,7,10
15,68,15,68
7,53,4,60,19,7,53,4,60,19
7,15,17,10,7,15,17,10
36,3,17,6,17,96,17,36,3,17,6,17,96,17
12,7,12,7
7,6,7,6,7
25,7,25,7
5,12,7,12,5,12,7,12
7,3,17,7,3,17,7
7,37,7,37,7
4,12,4,12
3,5,12,5,12,5,3,5,12,5,12,5
12,10,17,10,59,12,10,17,10,59
7,3,7,3,7
77,80,74,87,77,80,74,87
5,12,3,12,7,12,7,5,12,3,12,7,12,7
100,7,100,7
3,34,3,34
6,12,5,12,17,6,5,34,10,34,49,10,34,6,12,5,12,17,6,5,34,10,34,49,10,34
39,51,39,51,39,51,39,51
20,4,20,4
7,3,7,3,7
7,5,7,5,7,5,7,5,7
58,11,58,11
7,15,1,7,15,1
92,7,3,15,5,3,40,7,92,7,3,15,5,3,40,7
7,49,83,7,49,83,7
7,6,7,6
24,12,63,29,24,12,63,29
79,27,79,27
25,7,25,7
10,62,10,62,10
48,12,7,48,12,7
2,7,12,7,12,2,7,12,7,12
111,57,111,57
33,7,33,18,33,7,33,18
55,51,18,7,18,55,51,18,7,18
39,51,20,33,39,51,31,39,31,39,51,20,33,39,51,31,39,31
7,12,7,12
60,89,5,60,89,5
7,5,7,5
4,36,7,17,7,11,4,36,7,17,7,11
7,5,7,109,5,7,5,7,109,5
7,12,7,12
52,83,2,52,83,2
25,15,25,7,25,15,25,7
49,6,49,6
7,12,7,12
12,7,12,7
36,7,36,7
24,28,24,7,24,28,24,7
7,3,79,7,3,7,3,79,7,3
33,108,33,59,33,108,33,59,33
57,70,57,70
99,10,99,10
52,28,3,28,52,28,3,28
7,12,7,12
12,35,12,35
6,66,34,2,6,66,34,2
7,12,7,26,36,7,12,7,26,36
33,75,39,33,3,75,15,12,33,75,39,33,3,75,15,12
31,7,31,7
7,81,7,81
65,12,20,65,12,20
5,7,5,91,5,7,5,91
14,7,84,30,74,87,10,14,7,84,30,74,87,10
7,12,7,12
62,10,7,62,10,62,10,7,62,10
34,2,70,34,2,70
17,7,10,17,7,10
51,39,51,39
7,5,19,7,5,19,7
7,31,7,57,7,31,7,57
7,4,7,4
23,15,23,15,23,15,23,15,23
7,5,20,7,5,20,7
7,63,92,20,23,7,63,92,20,23
7,5,7,40,44,7,5,7,40,44
7,12,33,7,12,33,7
7,5,7,5,7
7,33,7,33,7
4,15,4,15
104,54,120,7,33,15,7,33,104,54,120,7,33,15,7,33
7,4,7,4,7
38,7,38,7
7,28,20,66,80,7,28,80,7,28,20,66,80,7,28,80,7
39,5,7,39,5,7
7,80,30,17,11,98,12,7,80,30,17,11,98,12
7,39,7,39,7,39,7,39,7,39,7,39,7
7,12,7,12,7
91,7,91,7,91,7,91,7,91,7,91,7
10,20,19,10,20,19
43,12,7,43,12,7
7,15,7,6,7,15,7,6
20,66,80,7,20,6,44,40,7,20,66,80,7,20,6,44,40,7
12,5,12,5
5,7,5,7,5,7,5,37,5,7,4,7,37,4,5,7,5,7,5,7,5,37,5,7,4,7,37,4
4,20,4,20
7,23,17,6,74,6,7,23,17,6,74,6,7
104,44,57,104,44,57
7,37,7,37,7,37,7,37,7
34,37,34,37
65,12,65,12,65
5,15,5,7,65,5,15,5,7,65
12,34,7,12,34,7
91,48,7,91,48,7
7,104,17,7,104,17,7
15,7,15,7,15
30,47,30,47,14,47,30,47,30,47,14,47
7,17,7,17,7
10,59,55,10,59,55,10
4,3,4,3,4,3,4,3
20,23,20,23,20
5,36,4,7,5,36,4,7
4,47,4,47,4,7,4,47,4,47,4,7
66,32,66,32,66,32,66,32
7,3,7,3,7
5,7,5,7
75,31,44,75,31,44
62,81,3,62,81,3
17,76,17,76
64,7,23,17,64,7,23,17
89,20,89,20,89,49,89,31,89,20,89,20,89,49,89,31
3,34,3,34
12,111,5,12,111,5,12
60,6,17,6,76,44,6,17,10,6,7,23,38,32,23,59,60,6,17,6,76,44,6,17,10,6,7,23,38,32,23,59
23,9,23,9
4,75,62,10,62,6,62,10,17,6,4,75,62,10,62,6,62,10,17,6,4
24,71,24,94,71,24,94,71,24,71,24,51,24,71,24,94,71,24,94,71,24,71,24,51
5,7,5,7
37,7,37,7
23,55,62,10,23,55,62,10
11,39,24,11,39,24
7,39,7,39
36,7,36,7
17,6,40,17,6,40
24,33,81,24,81,24,33,81,24,81
59,7,59,7
7,3,7,3,7
7,44,7,44
3,7,3,7
11,57,10,62,11,10,62,11,57,10,62,11,10,62
4,49,4,49,4
13,55,92,55,13,55,92,55
18,28,18,28
7,5,7,5
20,7,20,7
51,65,2,7,51,65,2,7
7,40,7,40
7,15,42,7,15,42
20,3,39,20,3,39
6,7,10,12,52,17,96,6,7,10,12,52,17,96
110,23,110,23
2,5,62,2,5,62
4,7,4,7
7,49,3,7,3,7,49,3,7,3
7,5,7,5,7
41,35,41,35
39,7,36,7,36,7,39,7,36,7,36,7
12,20,12,36,7,20,4,12,20,12,36,7,20,4
12,105,10,12,105,10
55,7,55,7
15,7,15,7
3,44,40,17,44,3,44,40,17,44
51,19,51,19
7,15,7,15
60,15,60,15
5,7,37,5,7,37
7,38,7,38,7,38,7,38
20,23,20,23
60,17,5,60,17,5,60
7,4,7,4,7
3,10,65,7,3,10,65,7
62,10,7,62,10,7
89,39,51,69,44,28,89,39,51,69,44,28
6,28,33,5,6,28,33,5
7,17,6,7,17,6
7,6,44,4,7,6,44,4
11,34,10,11,34,10
7,12,4,5,7,12,4,5
51,67,34,28,18,55,51,67,34,28,18,55
7,20,7,20,7
18,10,18,10
7,28,5,7,28,5
7,5,7,5,7
31,39,6,31,39,6
28,1,28,1
2,23,39,23,39,23,39,23,39,23,2,101,121,2,23,39,23,39,23,39,23,39,23,2,101,121
7,12,7,12
31,12,31,7,31,91,7,12,31,12,31,7,31,91,7,12
41,7,18,7,41,7,18,7
7,96,12,3,10,7,96,12,3,10
7,5,7,12,7,5,7,12,7
39,51,39,51,32,39,51,39,51,32
7,17,7,6,17,7,17,7,6,17
6,123,63,86,10,6,123,63,86,10
29,104,29,104
42,13,42,13
33,34,1,33,34,1
7,51,7,51,7
89,17,89,17
23,20,23,7,23,7,3,40,23,20,23,7,23,7,3,40
99,88,31,7,5,99,88,31,7,5
97,33,97,51,97,33,97,51
90,5,90,7,90,5,90,7
7,36,7,36
59,10,55,59,57,55,3,7,3,7,59,10,55,59,57,55,3,7,3,7
5,4,5,4
7,12,7,12
8,111,8,111,8,111,8,111,8,111,8,111,8,111,8,111
3,66,3,66
36,58,34,62,34,62,36,58,34,62,34,62
7,75,73,7,75,73
44,7,88,23,61,7,64,23,2,44,7,88,23,61,7,64,23,2
49,4,91,4,49,4,91,4
111,37,20,23,111,37,20,23
7,4,7,4
60,64,60,64
7,68,7,68
64,23,64,16,64,16,64,23,64,16,64,16
20,4,20,4,20
15,10,62,17,15,10,62,17
17,66,17,66
7,5,7,5,7,5,7,5,7
28,7,28,7
57,7,36,7,57,7,36,7
7,37,7,37,7,37,7,37
6,12,47,6,69,4,5,104,6,12,47,6,69,4,5,104
7,64,66,7,64,66
35,42,35,8,15,35,42,35,8,15
7,66,32,7,66,32
17,6,17,6,17,6,17,6
7,12,7,12
23,3,23,3
52,51,47,52,51,47
39,51,32,68,39,51,32,68
15,82,15,8,3,7,15,68,35,15,82,15,8,3,7,15,68,35
46,47,73,47,46,47,34,46,47,73,47,46,47,34
2,34,2,34
7,52,7,52
10,71,18,23,10,71,18,23
7,38,7,38,7,38,7,38,7,38,7,38,7
6,7,6,7
11,57,7,11,57,7
7,12,6,17,96,6,49,17,7,5,7,5,7,17,6,26,7,12,6,17,96,6,49,17,7,5,7,5,7,17,6,26
51,33,83,49,7,91,51,33,83,49,7,91
99,37,5,99,37,5
20,32,20,32,7,20,32,20,32,7
7,6,7,6
5,35,7,5,35,7
40,76,10,62,10,40,76,10,62,10
4,95,4,95
7,12,7,12
7,5,12,89,7,5,12,89,7
67,15,16,67,15,16
7,5,7,5
39,44,17,39,44,17
6,44,63,17,12,6,44,63,17,12
1,64,1,64
20,7,20,7
44,7,44,7
7,10,7,10
7,4,7,4,7
37,4,37,4
12,7,5,7,27,7,5,7,33,7,12,7,5,7,27,7,5,7,33,7
5,7,37,5,7,37
34,10,7,23,64,34,23,10,34,10,7,23,64,34,23,10
7,5,7,10,7,5,7,10,7
64,76,49,7,64,76,49,7
62,25,62,25
81,55,81,39,81,55,81,39
46,7,46,7
12,7,12,7
7,23,8,64,5,49,7,23,8,64,5,49,7
7,42,5,12,7,42,5,12,7
81,25,68,15,68,59,26,105,26,116,26,116,81,25,68,15,68,59,26,105,26,116,26,116
7,84,80,7,30,17,30,84,80,7,84,7,84,80,7,30,17,30,84,80,7,84
6,7,32,66,32,7,6,7,32,66,32,7
3,32,23,3,32,23
39,52,99,1,39,52,99,1
7,81,7,81,7
7,15,7,15
33,62,55,37,31,18,105,55,33,62,55,37,31,18,105,55
68,23,3,5,3,68,23,3,5,3
7,43,25,60,7,43,25,60,7
7,4,20,4,20,7,20,7,4,20,4,20,7,20
91,10,91,10
7,41,7,41
33,10,33,10
59,7,20,59,7,20
81,7,61,7,81,7,61,7,81
4,12,4,12
68,60,13,21,25,64,13,21,60,11,68,60,13,21,25,64,13,21,60,11
23,20,23,20,23
33,12,33,12
12,7,20,8,20,12,7,20,8,20
5,82,5,82,5
7,8,7,8
55,15,55,15
7,36,7,36
36,12,36,12
12,63,12,63,12
5,7,5,12,7,5,7,5,12,7
12,7,12,7
10,7,10,7
33,7,49,65,6,49,5,49,65,37,12,91,51,2,37,10,2,12,15,39,33,7,49,65,6,49,5,49,65,37,12,91,51,2,37,10,2,12,15,39
7,5,7,5
7,5,7,4,7,5,7,4,7
7,12,7,12,7
49,120,11,3,49,120,11,3
12,7,37,12,7,12,7,37,12,7
7,3,7,3
34,1,41,34,1,41
44,40,44,40
51,4,12,51,4,12
12,7,12,7
7,9,7,9
42,55,7,42,55,7,42
13,73,13,73
7,5,7,5
5,7,5,7,5
69,76,17,6,69,76,17,6
18,51,39,51,83,51,39,51,18,51,39,51,83,51,39,51
7,84,7,84,7
12,7,98,12,7,98
33,3,33,3
60,12,60,12
12,55,26,12,55,26
88,76,88,76
7,5,7,5,7
5,7,34,74,34,74,7,5,7,34,74,34,74,7
39,51,39,51
2,7,10,7,2,7,10,7
38,7,36,7,38,7,36,7
39,7,39,7
20,23,19,20,23,19
7,37,7,31,7,37,7,37,7,31,7,37
76,40,44,7,76,40,44,7
97,39,7,97,39,7
5,7,34,7,5,7,34,7
6,49,47,7,36,6,49,6,28,6,49,47,7,36,6,49,6,28
7,12,7,43,7,12,7,43,7
35,4,35,4
49,17,6,17,49,17,6,17
17,7,33,7,29,17,7,33,7,29
23,32,23,32
3,62,3,62
7,14,5,7,14,5,7
7,10,7,10,7
7,28,7,28,1,7,28,7,28,1,7
7,39,51,39,7,51,39,7,39,51,39,7,51,39,7
7,11,7,11
99,7,31,7,99,7,31,7
7,92,7,92,7
7,3,7,3
23,8,13,8,66,23,8,13,8,66
3,23,20,3,23,20
23,8,66,23,8,66
62,2,62,2
7,51,7,51
28,85,7,28,85,7
30,3,33,30,3,33
7,4,5,7,4,5
39,7,39,7
7,62,34,7,62,34
34,81,10,7,34,81,10,7
32,86,12,32,86,12
7,15,7,15,7
7,81,7,81
20,7,44,20,7,44
103,44,7,2,103,44,7,2
39,33,39,33
7,64,103,20,34,7,64,103,20,34
49,67,76,17,6,96,6,49,67,76,17,6,96,6,49
7,20,23,7,20,23
1,68,20,3,10,3,1,68,20,3,10,3
4,3,12,7,4,3,12,7
62,2,57,15,62,2,57,15
7,105,59,68,7,105,59,68,7
7,12,7,12,5,12,5,7,12,7,12,5,12,5
38,7,4,7,4,38,7,4,7,4
7,12,40,7,12,40
4,7,4,7
66,7,66,7,60,7,66,7,66,7,60,7
66,7,66,7
7,4,7,4,7
7,36,7,36
39,2,7,39,2,7
63,6,96,6,17,12,6,17,6,63,6,96,6,17,12,6,17,6
15,39,15,39
28,51,28,51,28
7,12,4,39,12,7,12,4,39,12,7
46,37,4,46,37,4
4,17,7,4,7,4,17,7,4,7
17,7,23,17,7,23,17
7,25,7,25
25,68,42,104,42,55,25,68,42,104,42,55,25
7,3,17,7,3,17
15,42,23,15,42,23,15
37,23,7,37,23,7
7,5,12,7,5,12,7
7,12,23,7,25,7,12,23,7,25
3,7,3,7
7,12,7,12,7
7,51,7,51
7,15,7,15,7
39,33,11,57,44,39,33,11,57,44
15,7,15,7
17,10,17,10
39,15,20,7,93,4,5,1,31,7,39,15,20,7,93,4,5,1,31,7
3,7,3,7
7,27,7,27,7
15,55,3,15,55,3
20,5,20,5
16,20,33,7,16,20,33,7
62,5,7,5,98,62,5,7,5,98
7,20,12,20,7,20,85,20,7,20,12,20,7,20,85,20
51,108,7,27,7,51,108,7,27,7
37,68,12,37,68,12
7,4,7,4
7,59,36,7,26,7,59,36,7,26
12,15,12,15
38,7,38,7
7,37,7,4,3,7,37,7,4,3
18,51,31,33,18,51,31,33
7,111,7,70,7,111,7,70
11,5,11,5
51,7,51,39,49,51,7,51,39,49
7,33,31,81,39,51,33,7,33,31,81,39,51,33
12,7,3,12,7,3
7,4,5,7,4,5
71,83,71,83
36,5,36,5
7,5,12,5,7,5,12,7,5,12,5,12,5,12,7,5,12,5,7,5,12,7,5,12,5,12,5,12,7
32,3,20,32,20,64,111,32,23,20,66,20,32,8,20,32,3,20,32,20,64,111,32,23,20,66,20,32,8,20,32
5,12,5,7,5,12,5,7
19,87,32,111,32,19,87,32,111,32
7,33,7,12,7,33,7,12
7,3,7,3
23,15,23,15
39,7,39,7
28,71,28,71
7,44,7,44
12,7,5,7,12,7,5,7
15,3,15,3
51,7,51,7
33,7,33,7
7,4,37,7,37,7,4,37,7,37,7
15,60,15,60
7,12,7,12,7
15,7,74,15,7,74
7,1,15,5,7,1,15,5
7,62,7,20,7,62,7,20
7,5,7,5,7
3,7,3,7,3
7,17,36,7,17,36
7,3,7,37,20,7,37,20,7,3,7,37,20,7,37,20
36,57,62,36,57,62
7,5,7,5,7,5,7,5
4,7,4,7
3,7,3,7
5,34,7,5,34,7
7,85,7,85,7
7,28,7,28,7
7,12,7,12,63,6,5,12,5,12,5,7,12,7,12,7,12,63,6,5,12,5,12,5,7,12,7
38,7,23,38,7,23
5,111,3,5,111,3
7,51,39,51,39,51,39,51,39,7,51,39,51,39,51,39,51,39
20,5,20,5
7,17,56,1,127,7,17,56,1,127
17,7,17,7
7,12,7,12,7,12,7,12,7
64,12,64,12
7,4,34,7,4,34
4,87,4,62,4,87,4,62
20,23,20,23,3,5,7,15,7,37,20,23,20,23,3,5,7,15,7,37
12,7,68,12,7,68
7,20,10,7,20,10
18,28,18,28,18,28,18,28,18
2,7,2,7
7,17,7,17
7,12,7,12
7,23,7,10,7,23,7,10
38,7,38,7
49,23,49,23
15,7,15,7
62,26,2,62,26,2
7,5,7,39,7,5,7,39
41,7,41,7
7,28,17,6,96,17,15,7,28,17,6,96,17,15
39,15,39,15
81,92,81,92
7,3,7,3
4,7,4,7
78,7,64,78,7,64
91,4,74,91,4,74
25,20,25,20
7,15,7,75,33,75,7,15,7,75,33,75
7,34,7,34,7,34,38,7,34,7,34,7,34,38,7
40,76,7,36,3,10,3,23,40,76,7,36,3,10,3,23
7,42,38,7,42,38,7
5,37,7,5,37,5,37,7,5,37
15,7,15,5,7,111,15,111,15,7,15,5,7,111,15,111
7,23,7,23,5,20,7,5,7,23,7,23,5,20,7,5,7
17,16,1,17,16,1
7,12,7,12,7
15,5,15,5
7,15,42,44,6,10,7,15,42,44,6,10
7,23,7,23,7
6,17,6,17
23,35,23,35
23,4,23,4
74,51,49,15,49,74,51,49,15,49
20,3,8,20,111,20,3,8,20,111
7,115,7,15,92,7,23,7,115,7,15,92,7,23
23,7,23,7
7,34,7,36,7,23,7,34,7,36,7,23,7
42,13,42,13,42,57,42,13,42,13,42,57
7,12,7,12,7
7,6,7,6
12,4,12,7,12,4,12,7,12
61,120,10,62,61,120,10,62
51,7,51,7,51
39,7,39,7
7,5,7,5
1,3,1,3
20,15,59,20,15,59
17,10,20,62,2,68,1,20,2,17,10,20,62,2,68,1,20,2
7,34,7,5,7,34,7,5,7
7,15,104,3,7,15,104,3
4,53,7,6,7,4,53,7,6,7
61,3,7,12,52,7,61,3,7,12,52,7
12,3,5,12,3,5
12,5,12,5,12
4,49,4,49,4
6,17,102,69,102,6,17,102,69,102,6
5,7,5,7
42,104,33,42,104,33
12,19,12,19
4,7,4,7
6,7,6,7,6
15,68,15,68
4,34,65,52,65,15,7,3,15,2,3,4,34,65,52,65,15,7,3,15,2,3
7,99,53,7,99,53
7,46,73,46,7,46,73,46
73,12,5,73,12,5
5,7,5,7,12,5,7,5,7,12
7,37,7,37,7
19,5,12,19,5,12
12,7,12,7,12,7,12,7,12
7,12,7,12
7,4,7,4,7,4,7,4,7
7,4,49,4,7,4,49,4,7
5,4,5,47,5,4,5,47,5
23,7,23,7
3,23,3,23
51,6,51,6
7,39,51,39,31,33,39,7,39,51,39,31,33,39,7
33,14,3,41,33,14,3,41
7,42,7,42,7
55,6,17,7,36,7,55,6,17,7,36,7
7,43,7,43
7,4,7,5,40,7,4,7,5,40
74,30,73,14,77,73,4,74,30,73,14,77,73,4
64,13,64,13
64,31,7,22,7,64,31,7,22,7
59,4,59,4
13,3,88,60,13,3,88,60,13
8,15,23,8,15,23
39,7,39,7
7,34,7,34,7
7,17,49,7,17,49,7
42,12,7,15,7,42,12,7,15,7
31,3,10,5,31,3,10,5
7,36,7,36,7,36,7,36,7
3,7,3,7
7,37,47,7,37,47,7
7,5,7,5
51,4,10,51,4,10
4,77,74,4,77,74
62,7,62,7
7,34,81,37,60,7,34,81,37,60
7,51,7,51,7
7,4,7,4
34,20,34,20
42,17,42,17
68,5,68,5
51,39,51,39,51,39,51,39,20,39,51,39,51,39,51,39,51,39,20,39
51,7,51,7
53,4,53,4
39,7,39,7
7,20,10,7,20,10,7
7,20,7,20,7
66,62,7,12,7,12,30,12,30,60,92,10,59,38,26,66,62,7,12,7,12,30,12,30,60,92,10,59,38,26
38,25,38,25
7,34,7,34
57,67,23,57,67,23
57,26,57,7,57,26,57,7
76,7,9,76,7,9
7,36,7,36,7
7,47,7,47
4,74,4,59,10,4,74,4,59,10
66,32,66,32
7,2,7,2,7
42,61,42,61
100,7,100,7
7,5,37,7,5,37
10,76,44,86,10,76,44,86
6,7,6,7
6,57,15,6,57,15
34,14,84,34,56,34,14,84,34,56
2,39,51,2,39,51
7,12,7,12,7
28,7,28,7
33,51,12,3,114,33,51,12,3,114
20,13,7,20,7,20,23,42,20,13,20,13,7,20,7,20,23,42,20,13
7,5,7,12,7,5,7,12,7
37,7,37,7,37
87,74,87,74
9,103,15,9,44,9,103,15,9,44
9,65,52,65,20,9,65,52,65,20
66,3,7,66,3,7
12,7,12,7
7,37,7,37
31,12,7,31,12,7
7,91,3,12,7,91,3,12
7,42,25,7,42,25,7
7,51,37,7,51,37
7,36,7,36
74,12,74,12
7,5,7,5,7,5,7,5,7
7,12,6,5,7,12,6,5,7
32,44,32,44
7,3,7,3,7
3,6,3,6,3
66,7,66,7
7,33,75,7,33,75,7
7,32,111,7,32,111
7,1,7,1
39,111,39,111
20,80,20,80,20
5,7,5,7
7,12,7,12
7,3,7,3
7,65,7,65
7,52,7,52
67,17,7,15,76,94,67,17,7,15,76,94
91,7,28,5,7,91,3,91,7,28,5,7,91,3
7,82,7,82
12,7,52,5,7,12,7,52,5,7
17,7,17,7,17
51,7,51,7,51
29,59,29,59
7,49,106,29,7,3,20,3,7,49,106,29,7,3,20,3
65,52,65,52,65,34,65,52,65,52,65,34
7,34,37,4,7,34,37,4
52,10,52,10
12,5,12,7,12,7,12,5,12,7,12,7
57,6,57,6
4,7,12,4,7,12
20,98,3,20,98,3
12,7,12,7
7,43,23,68,7,20,7,43,23,68,7,20
7,37,27,17,36,4,7,37,27,17,36,4
7,5,7,5,7
38,23,38,23
5,3,28,5,3,28
23,38,23,38,23
20,2,17,35,20,2,17,35
78,105,51,3,15,78,105,51,3,15
7,47,7,47
44,12,44,12
33,7,33,7
7,5,12,7,5,12
7,66,7,18,7,66,7,18
10,20,10,20,10
15,64,15,90,49,40,15,64,15,90,49,40
12,7,5,7,12,7,5,7
62,17,62,17
55,62,10,33,23,10,12,7,55,62,10,33,23,10,12,7
7,12,7,12,7
68,63,44,76,49,17,68,63,44,76,49,17
67,1,36,67,1,36
7,55,7,55
78,7,78,7
49,90,6,7,49,90,6,7
7,89,49,89,49,89,7,89,49,89,49,89,7
7,95,27,100,34,7,5,14,7,4,5,7,95,27,100,34,7,5,14,7,4,5
7,12,43,7,43,53,7,12,43,7,43,53,7
33,79,85,90,33,79,85,90
38,17,38,17
23,13,23,13
7,59,7,59
7,49,15,39,23,7,49,15,39,23
33,49,91,3,91,3,33,49,91,3,91,3
7,12,7,12
17,63,17,63
12,5,6,5,12,5,6,5
3,7,3,7
7,34,30,34,30,4,7,34,30,34,30,4
23,10,3,31,19,23,10,3,31,19
41,7,5,7,52,68,7,41,7,5,7,52,68,7
10,2,10,2
12,39,12,39,12,39,12,39
7,98,37,12,37,7,98,37,12,37
37,66,42,20,23,20,23,66,19,20,32,23,20,37,66,42,20,23,20,23,66,19,20,32,23,20
7,4,7,4,7
3,7,3,7
18,28,18,99,18,28,18,99
69,36,69,36
4,49,4,49,4
42,3,7,42,3,7
5,12,5,7,12,5,7,5,12,5,7,12,5,7,5
7,5,7,5,7
7,23,19,7,23,19
7,35,7,35
33,12,98,7,37,33,12,98,7,37
7,5,7,5,7
6,7,6,7
12,79,34,30,34,1,15,12,15,1,7,12,79,34,30,34,1,15,12,15,1,7
12,15,12,5,20,12,20,12,15,12,5,20,12,20
7,12,7,12
44,86,20,44,86,20
53,29,5,20,5,7,53,29,5,20,5,7
23,12,23,12
4,34,4,34
7,14,7,14
10,34,10,34
3,7,3,7
59,47,5,17,59,47,5,17,59
5,44,76,5,44,76
8,68,13,66,25,8,68,13,66,25
5,7,5,7
10,26,51,39,26,10,26,51,39,26,10
38,15,38,15
34,7,34,7
7,12,7,12,7,91,7,91,7,12,7,12,7,91,7,91,7
4,7,17,4,5,7,15,4,7,17,4,5,7,15
5,59,57,59,57,59,5,15,59,5,59,57,59,57,59,5,15,59
3,17,3,17
55,20,55,20
62,2,36,62,2,36
7,98,12,5,7,98,12,5
7,15,7,15
28,7,23,20,42,111,28,7,23,20,42,111
6,5,6,5
23,20,6,23,20,6
23,12,61,12,10,23,12,61,12,10
7,23,7,23
84,73,84,87,77,74,14,34,47,46,47,46,47,46,47,46,47,34,46,6,84,73,84,87,77,74,14,34,47,46,47,46,47,46,47,46,47,34,46,6
7,10,104,7,10,62,10,7,10,104,7,10,62,10,7
5,103,20,5,103,20
13,7,13,7
3,7,3,7
3,7,3,7
20,68,20,68
12,5,3,27,12,5,3,27
91,12,91,6,49,6,37,91,12,52,91,12,91,6,49,6,37,91,12,52,91
59,7,55,23,7,59,7,55,23,7
25,17,25,17
39,7,39,7
7,28,104,43,7,28,104,43
49,89,49,17,49,89,49,17
85,4,85,4
78,67,17,12,49,6,78,67,17,12,49,6
7,92,7,92,7
36,7,36,7
7,5,7,37,5,7,5,7,37,5,7
23,49,23,49,23
7,63,7,63
15,17,6,17,7,52,65,15,17,6,17,7,52,65
7,3,7,3,7
7,4,7,4,7
23,11,10,4,23,11,10,4
3,108,7,39,7,3,108,7,39,7
5,4,7,39,5,4,7,39
6,10,2,12,6,10,2,12
12,7,12,7
7,15,7,15
10,5,7,10,5,7
23,1,39,55,3,7,23,1,39,55,3,7
64,7,3,5,12,64,7,3,5,12
6,7,6,7,6
44,57,44,57
5,3,5,3
49,7,15,49,7,15
1,20,1,20
7,20,7,20
47,5,47,5
17,6,17,6
46,36,46,36
7,3,7,3
15,104,3,15,104,3
33,52,33,52
5,7,5,7,5,7,5,7
4,7,5,4,7,5
7,67,63,69,7,3,7,67,63,69,7,3
7,18,31,7,5,39,7,18,31,7,5,39
7,111,81,23,7,111,81,23
69,5,69,5
15,20,61,120,61,2,3,15,20,61,120,61,2,3
7,5,7,34,7,5,7,34,7
62,11,10,62,10,62,11,10,62,10,62
42,7,20,5,42,7,20,5
7,17,7,17
12,99,20,12,99,20
41,7,12,66,111,41,7,12,66,111
25,36,25,36
7,23,1,7,23,1
2,15,2,17,2,57,2,15,2,17,2,57,2
62,7,62,7
65,34,65,34,65
39,51,39,26,39,51,39,26
7,2,62,7,2,62,7
5,7,5,7,5,7,81,7,5,7,5,7,5,7,81,7,5
7,4,121,7,4,121,7
4,7,4,7
5,12,5,7,5,3,5,12,5,7,5,3
64,7,64,13,20,10,64,7,64,13,20,10
12,13,12,13
7,12,7,12,7
33,7,12,7,12,7,33,7,12,7,12,7
5,7,15,5,7,15
64,7,64,7
28,18,7,36,28,18,7,36
7,12,7,12
36,28,34,10,36,28,34,10
40,76,36,7,40,76,36,7
4,7,4,7,4
7,5,17,7,5,17
35,23,35,23
37,4,12,98,36,5,12,37,4,12,98,36,5,12
4,7,4,7
5,7,60,7,41,27,5,7,60,7,41,27
15,5,25,2,15,5,25,2
7,12,7,15,7,12,7,15,7
7,3,5,7,5,7,3,5,7,5
7,39,7,39
7,12,7,12
5,12,5,12
15,46,7,15,46,7
5,7,92,20,44,12,49,5,7,92,20,44,12,49
12,7,12,7
1,17,7,1,17,7,1
7,23,7,23,7,23,7,23,7
7,5,7,64,7,5,7,64
75,7,75,7,75,7,75,7
97,52,97,17,97,57,97,6,97,52,97,17,97,57,97,6
71,83,71,18,94,71,83,71,18,94
44,67,44,67,44
7,37,7,27,5,7,37,7,27,5
7,12,7,4,81,12,97,17,7,12,7,4,81,12,97,17
23,7,23,4,23,7,23,4,23
52,7,52,7
30,7,5,47,30,7,5,47
15,7,15,7
7,12,7,12,7,12,7,12
46,80,14,46,80,14
7,5,7,4,7,5,7,4
7,13,7,13,7
7,28,7,31,33,7,28,7,31,33
53,4,53,4,53
12,3,7,3,7,12,3,7,3,7
35,12,18,12,35,12,18,12
15,20,15,20
51,7,69,7,12,7,12,7,5,7,51,7,69,7,12,7,12,7,5,7
39,7,39,7
7,44,40,76,63,7,44,40,76,63
42,15,42,15,42,15,42,15
62,23,34,12,6,44,62,23,34,12,6,44
34,2,34,2
7,12,7,12,7
25,4,5,25,4,5
7,52,108,7,52,108
12,40,5,7,12,40,5,7
36,75,39,36,75,39
12,3,12,3
4,67,7,67,34,67,34,4,67,4,67,17,7,4,67,7,67,34,67,34,4,67,4,67,17,7
5,7,12,5,7,12,5,7,12,5,7,12
7,12,75,7,12,75
7,6,7,6
3,31,3,31
4,5,4,5
8,7,50,51,20,8,7,50,51,20
5,12,7,4,5,12,7,4,5
7,4,7,4
5,7,5,7,5,7,5,7
64,52,49,52,49,52,49,17,34,17,52,17,34,64,8,52,8,3,64,52,49,52,49,52,49,17,34,17,52,17,34,64,8,52,8,3
5,7,62,17,7,5,7,62,17,7
78,36,91,78,5,78,91,6,78,37,78,6,78,36,91,78,5,78,91,6,78,37,78,6
12,27,5,53,12,52,12,97,6,12,27,5,53,12,52,12,97,6
19,3,19,3
7,51,65,55,33,52,7,51,65,55,33,52
13,7,20,57,13,7,20,57
7,5,64,5,7,5,64,5,7
15,7,15,7,15,7,15,7
6,7,37,27,7,6,7,37,27,7
5,46,7,5,46,7,5
7,20,7,59,20,4,25,64,60,64,7,20,7,59,20,4,25,64,60,64,7
7,44,7,44,7
49,63,17,7,49,63,17,7
39,28,33,28,113,39,28,33,28,113
7,4,7,4
12,7,12,7,12
7,64,7,12,7,64,7,12,7
7,34,7,34,7
36,7,36,7
5,43,5,43
39,7,39,40,39,7,39,40,39
32,111,7,32,111,7
34,82,34,82
7,12,7,12,7
4,34,4,34
99,22,99,22
33,113,33,113
7,5,6,75,12,7,31,7,5,6,75,12,7,31,7
7,44,40,7,44,40,7
15,7,15,7
10,59,10,59
8,7,8,7
25,88,7,25,88,7
5,7,65,52,3,5,7,5,7,38,3,38,5,7,65,52,3,5,7,5,7,38,3,38
7,12,7,20,7,12,7,20,7
7,3,7,15,37,81,34,3,7,75,17,7,3,7,15,37,81,34,3,7,75,17
5,7,5,7
7,39,51,7,39,6,7,39,51,7,39,6
7,52,7,52
39,51,39,51
51,3,51,3
12,6,12,6,12
7,51,7,51,7
49,4,52,66,103,4,3,39,51,66,38,82,38,49,4,52,66,103,4,3,39,51,66,38,82,38
5,20,5,20
7,3,34,8,64,7,3,34,8,64
7,5,7,5,7
15,23,20,7,20,7,23,7,23,15,23,20,7,20,7,23,7,23
7,17,6,104,82,20,62,5,23,62,6,7,17,6,104,82,20,62,5,23,62,6
10,66,2,62,10,66,2,62
18,6,28,18,6,28
7,12,7,31,33,31,33,7,12,7,31,33,31,33
7,12,7,5,7,12,7,5
1,85,39,7,1,85,39,7
60,7,2,7,60,7,2,7
39,59,39,59
15,42,15,42
120,39,51,39,51,39,51,33,31,120,39,51,39,51,39,51,33,31
7,20,7,20,7
7,98,7,98
7,3,7,3,7
1,38,25,1,38,25
12,7,12,7
69,63,67,5,34,5,17,69,63,67,5,34,5,17
20,22,20,22,20,22,20,22,20
17,12,17,33,23,5,7,17,7,17,12,17,33,23,5,7,17,7
7,12,7,12,7,12,7,12
12,7,12,5,7,12,7,12,7,12,5,7,12,7
28,18,28,18,28,15,18,28,18,49,18,28,18,28,49,28,18,28,18,28,18,28,15,18,28,18,49,18,28,18,28,49,28,18
4,53,12,4,12,4,12,57,46,47,34,12,4,53,12,4,12,4,12,57,46,47,34,12
7,15,23,7,15,23
3,81,15,56,3,81,15,56
7,6,7,6,7
68,25,8,68,25,8
7,57,7,57
7,39,7,39,7
7,108,7,108
4,36,4,36,4
7,51,39,51,39,51,7,51,39,51,39,51
34,52,34,52
91,7,91,7
12,15,12,15
66,2,57,66,32,66,2,57,66,32,66
100,7,100,7
22,34,22,34
7,64,78,7,78,7,64,78,7,78
6,38,41,6,38,41
8,7,8,7
7,4,7,4
5,51,5,7,12,5,51,5,7,12
95,34,7,95,34,7
4,7,4,7
17,10,62,17,10,62
7,5,7,5,7,5,7,5
32,66,111,19,66,111,32,66,32,66,111,19,66,111,32,66,32
5,12,5,12
83,7,81,83,7,81
7,12,7,12
7,12,7,12,7
34,77,34,77
7,5,7,5,7,5,7,12,5,12,65,7,12,7,5,7,5,7,5,7,12,5,12,65,7,12,7
53,5,53,5
7,5,7,5
37,51,69,37,51,69
7,3,7,3
20,3,20,3
11,62,11,62
7,16,7,16,7
12,7,62,7,62,12,7,62,7,62
7,23,15,23,7,23,15,23,15,23,15,23,7,23,15,23,7,23,15,23,15,23,15,23
99,55,11,55,111,35,70,99,55,11,55,111,35,70
7,12,7,12
34,64,15,3,34,64,15,3
73,14,73,87,74,77,5,73,14,73,87,74,77,5
4,15,4,15
7,38,7,38
80,17,81,80,17,81
20,11,52,20,11,52
7,4,7,4,12,7,12,7,4,7,4,12,7,12
7,23,7,23,7
37,15,37,15
4,7,4,7
53,7,64,16,53,7,64,16
88,44,15,88,44,15
7,98,18,15,7,98,18,15,7
38,10,2,38,10,2
17,64,17,64
35,23,11,20,23,35,23,11,20,23
17,36,17,36
11,7,52,7,11,7,52,7
59,7,15,1,23,7,1,59,7,15,1,23,7,1
65,11,65,11,65
7,20,12,7,20,12
12,8,12,8
7,33,7,33,7
7,37,7,37
5,4,34,7,34,5,4,34,7,34
55,65,55,65
15,3,15,3
7,34,57,5,57,7,34,57,5,57
7,23,5,7,23,5
6,17,6,44,52,6,17,6,44,52
7,6,7,6,7,6,31,7,6,7,6,7,6,31
7,39,7,39
20,17,36,20,17,36,20
7,15,3,7,15,3,7
7,5,100,55,100,7,55,7,5,100,55,100,7,55
52,49,5,52,49,5
3,16,3,7,3,4,36,3,16,3,7,3,4,36,3
7,43,25,7,43,25
33,67,44,67,65,57,62,7,33,67,44,67,65,57,62,7
12,52,65,52,65,12,52,65,52,65
5,39,51,5,39,51
37,7,53,60,5,53,37,7,53,60,5,53
28,17,6,17,28,17,6,17
38,108,5,38,108,5
6,59,7,6,59,7
19,66,51,66,32,19,66,51,66,32
17,6,17,39,25,33,105,55,17,6,17,39,25,33,105,55
35,7,35,7
20,52,7,3,17,7,20,52,7,3,17,7
49,23,49,23
8,57,28,61,8,57,28,61
25,8,13,15,19,7,57,68,74,4,49,4,81,25,8,13,15,19,7,57,68,74,4,49,4,81
2,15,23,15,2,15,23,15
7,15,7,15
75,33,75,33
5,54,5,54
5,7,5,7,5
66,20,66,20
4,33,4,33
7,3,7,3,7
8,42,8,42,8
7,80,64,80,7,80,7,80,64,80,7,80
7,60,15,7,60,15
100,91,100,91
5,23,27,73,15,4,73,7,5,23,27,73,15,4,73,7
4,5,4,5
36,7,36,7
17,7,6,63,6,7,17,7,12,7,17,7,6,63,6,7,17,7,12,7
7,5,7,5,7,5,7,5,7,5,7,5,7
5,7,5,7
7,10,62,10,7,10,62,10
20,3,52,20,3,52
23,35,23,35
4,23,7,4,23,7,4
5,12,5,7,5,12,5,7
15,42,7,15,7,15,42,7,15,7
5,7,34,10,5,7,34,10
5,12,5,12,5
13,38,17,36,13,38,17,36
3,7,39,3,7,39
17,6,17,6,102,6,17,6,17,6,102,6
5,7,5,7,5,7,5,7
7,73,1,73,7,73,1,73
7,3,23,7,3,23
7,15,9,7,15,9
51,39,51,39
6,44,76,44,6,44,76,44
5,7,10,60,20,7,5,7,10,60,20,7
78,4,78,4
4,10,4,15,4,10,4,15
5,66,7,5,66,7
37,7,37,7
16,23,7,16,23,7
39,7,51,40,51,39,7,51,40,51
92,17,35,92,17,35
28,3,28,3
7,10,7,10
2,62,49,62,49,1,3,2,62,49,62,49,1,3
7,37,7,37,7
7,5,7,5,7,5,7,5,7,5,7,5,7
7,105,7,18,2,7,105,7,18,2
3,23,3,68,8,3,23,3,68,8,3
55,4,55,4
7,20,7,20,7
7,31,7,31,7
65,15,8,65,15,8
6,34,7,6,34,7
7,10,7,10
42,7,42,7
10,7,62,10,62,10,7,62,10,62
65,5,65,5,65
18,28,18,28,18
68,7,17,61,68,7,17,61
3,7,3,12,49,12,7,3,7,3,12,49,12,7
7,111,32,111,7,111,7,111,66,7,23,111,66,7,66,7,111,66,7,66,7,111,32,111,7,111,7,111,66,7,23,111,66,7,66,7,111,66,7,66,7
91,17,6,17,91,17,6,17
7,4,7,4
10,104,10,104,10
7,76,17,7,76,17
68,52,23,68,15,68,52,23,68,15
12,7,12,7,12
28,7,28,7
12,90,12,90
7,37,7,36,5,36,5,36,7,37,7,36,5,36,5,36
62,10,62,10
49,4,49,4
4,20,4,20
25,35,18,35,25,35,18,35
38,7,38,7
1,42,1,42
5,7,5,7,5,7,5,7,5
4,81,7,4,81,4,81,4,81,7,4,81,4,81,4
7,5,7,5
7,6,65,7,17,6,7,6,65,7,17,6,7
38,7,38,7
47,12,47,12
4,25,4,25
7,6,7,6,7,6,7,6,7
4,60,42,103,7,4,60,42,103,7,4
42,16,42,16
7,66,7,66,7
51,39,31,34,7,51,39,31,34,7
43,108,10,49,10,27,100,43,108,10,49,10,27,100
7,40,42,7,10,25,13,25,6,44,42,53,42,7,40,42,7,10,25,13,25,6,44,42,53,42
7,37,11,10,66,10,7,37,11,10,66,10
33,15,34,33,15,34,33
33,7,33,7
5,7,5,37,5,39,51,5,15,5,7,5,37,5,39,51,5,15
68,20,68,20
12,7,12,7,12
12,7,12,7,12
68,20,111,2,26,57,4,7,68,20,111,2,26,57,4,7
28,31,7,113,28,31,7,113
52,65,52,65
7,5,7,5
39,34,39,34,39,34,39,34
28,17,28,7,8,5,3,40,28,17,28,7,8,5,3,40
7,5,7,5
88,7,35,7,88,7,35,7
38,39,38,39
111,66,111,66
6,20,6,20
5,7,5,7
70,59,70,59
15,13,15,13
7,6,7,6,7
7,81,37,7,81,37,7
12,39,12,39
10,59,62,7,10,59,62,7
4,5,4,5
7,8,62,10,62,10,62,7,8,62,10,62,10,62,7
12,7,36,12,7,36,12
2,23,8,2,23,8
37,12,7,44,40,76,44,40,7,12,7,37,12,7,44,40,76,44,40,7,12,7
1,49,51,1,49,51
12,7,17,7,12,7,17,7
7,5,7,5,7,5,7,36,12,4,12,7,5,7,12,4,7,5,7,5,7,5,7,36,12,4,12,7,5,7,12,4,7
3,7,44,20,3,15,3,7,44,20,3,15
49,12,7,49,12,7
7,55,7,12,7,55,7,12,7
55,7,55,7,55,7,55,7
7,5,7,5,7
27,12,27,12,27,12,27,12
26,4,26,4
12,7,15,12,7,15,12
68,15,68,15
5,7,5,7,5
12,20,3,7,45,7,25,12,20,3,7,45,7,25
39,5,39,5
7,4,7,4
104,7,104,7
66,25,66,23,5,66,25,66,23,5
3,17,91,39,33,51,39,3,17,91,39,33,51,39
7,3,7,3
5,34,5,34,5,34,5,34
15,7,15,7
24,49,24,7,24,49,24,7
35,86,7,16,111,35,86,7,16,111
4,81,4,81
3,7,4,3,7,4
7,37,55,37,7,37,7,37,55,37,7,37
28,12,7,5,7,28,12,7,5,7
7,17,7,17
7,84,7,84,7,84,7,84
23,64,23,64
49,89,49,89
7,5,7,5,7
7,39,7,39
47,5,47,5
7,12,7,12,7,12,7,12,7
4,7,4,7
23,47,23,47
12,31,12,31
5,3,17,3,16,31,5,23,39,7,5,3,5,3,17,3,16,31,5,23,39,7,5,3
12,7,5,52,7,12,7,5,52,7
19,7,19,7
5,7,5,13,5,7,5,13
12,11,7,12,7,12,11,7,12,7,12
23,20,23,20
3,62,7,3,62,7
4,7,4,7
31,39,31,39
3,67,15,23,15,5,68,9,3,67,15,23,15,5,68,9
15,64,25,15,64,15,64,25,15,64,15
31,39,51,24,7,39,7,75,7,31,39,51,24,7,39,7,75,7
18,7,18,7
3,91,39,3,91,3,91,39,3,91
23,42,23,42,23,42,88,23,42,23,42,23,42,88
28,11,10,28,11,10
7,28,7,20,32,7,28,7,20,32
7,36,7,36,7
81,7,81,7
7,3,7,23,75,7,3,7,23,75,7
3,7,3,7
7,86,7,12,7,86,7,12,7
7,23,7,23,7
105,13,9,105,13,9
12,33,31,39,31,33,12,33,31,39,31,33
37,34,37,34
62,10,62,10
91,3,64,32,1,5,91,32,91,3,64,32,1,5,91,32,91
5,37,55,7,5,37,55,7
7,6,7,6
71,94,71,85,71,39,71,94,71,85,71,39,71
6,4,5,6,4,5
7,62,7,62
12,49,12,7,12,23,5,43,12,49,12,7,12,23,5,43
15,7,4,15,7,4
23,105,37,23,105,7,23,105,37,23,105,7
31,34,7,33,7,31,34,7,33,7
49,89,20,43,23,49,89,20,43,23
9,34,9,34
7,39,51,31,7,39,51,31
25,7,25,7
9,7,12,9,7,12
87,14,87,14
8,7,8,7
43,7,43,7
7,49,7,49
84,7,84,7,84,7,84,7
7,5,7,5
31,4,7,31,4,7
86,44,40,63,44,86,17,6,86,44,40,63,44,86,17,6
7,5,20,7,5,20
36,7,36,7
80,7,3,5,80,7,3,5
7,12,33,7,12,33
7,17,7,17
12,7,5,12,7,5
3,5,7,15,7,3,5,7,15,7
53,15,53,15
12,89,12,81,39,49,12,89,12,81,39,49
67,23,67,23
39,7,15,7,59,26,76,39,7,15,7,59,26,76
7,3,7,3,7,3,7,3
37,3,37,3
38,42,3,42,10,42,61,44,38,42,3,42,10,42,61,44
6,64,17,36,7,6,64,17,36,7
93,51,55,6,17,93,51,55,6,17
12,7,12,7,12,7,12,7
114,20,57,44,15,114,20,57,44,15
7,15,2,64,68,7,15,2,64,68
3,5,3,23,1,3,5,3,23,1
34,3,34,3
5,14,5,14,49,46,5,14,5,14,49,46
7,37,4,68,7,37,4,68
7,17,39,7,17,39
7,20,7,20
57,25,15,35,57,25,15,35
7,8,7,8
57,7,4,7,4,7,4,7,52,7,4,81,12,7,4,57,7,4,7,4,7,4,7,52,7,4,81,12,7,4
25,52,65,25,52,65
49,46,5,7,5,7,49,46,5,7,5,7
102,7,102,7
5,7,5,7,5,7,5,7
20,30,7,12,20,30,7,12,20
49,31,33,49,31,33
39,65,52,3,39,65,52,3
7,10,7,10,7
7,5,7,5,7
7,39,7,39
49,3,49,3
7,4,5,44,69,17,5,49,12,7,4,5,44,69,17,5,49,12,7
81,44,53,81,44,53
37,13,64,103,13,37,13,64,103,13,37
6,17,3,6,17,3
71,7,71,7
53,3,15,68,15,68,15,7,20,15,53,3,15,68,15,68,15,7,20,15
7,3,7,37,7,37,7,3,7,37,7,37,7
42,15,42,15,42
18,94,18,94
5,10,5,10
36,7,36,7
10,25,10,25
7,20,7,20
12,7,12,7,12
7,5,4,7,5,4,7
64,7,64,7
7,12,7,12,7
5,7,5,7,5
7,12,5,7,12,5
7,3,7,3
7,39,5,7,39,5,7
52,49,20,39,101,52,49,20,39,101
7,16,7,16,7
17,15,71,12,17,15,71,12
77,5,7,14,77,5,7,14
37,25,5,37,25,5
5,4,7,5,4,7
7,3,7,3
7,12,7,12
36,64,13,15,104,36,64,13,15,104
5,7,5,53,42,5,7,5,53,42
10,12,63,86,10,12,63,86
32,68,7,32,68,7
12,7,12,7
7,28,18,7,28,18
40,86,44,40,86,44
7,12,7,12,7,5,7,12,7,12,7,12,7,5,7,12
13,42,55,7,60,7,55,13,42,55,7,60,7,55
7,50,7,52,3,7,6,7,50,7,52,3,7,6,7
24,51,20,7,24,51,20,7
7,12,5,34,12,38,7,12,5,34,12,38
7,3,17,3,17,6,55,7,3,17,3,17,6,55,7
7,20,7,20
55,4,8,55,4,8
7,27,33,27,7,27,33,27
7,5,7,5,7,5,7,5
5,4,7,3,5,4,7,3
29,39,29,3,29,39,29,39,29,3,29,39,29
7,5,7,5,7
7,55,7,55,7
20,8,10,20,7,55,44,40,68,51,31,51,7,10,7,20,8,10,20,7,55,44,40,68,51,31,51,7,10,7
7,17,55,7,17,55
7,13,7,13,7
18,28,18,28,18,28,18,28,18,28,18,28,18
7,97,7,97
12,89,44,59,64,42,23,12,89,44,59,64,42,23
7,5,7,5,7
20,7,20,7
88,25,7,88,25,7
7,98,7,98
7,3,20,3,7,3,20,3
7,39,7,39
25,40,20,25,40,20
10,23,10,23
20,19,20,19
39,34,7,3,39,34,7,3
7,70,7,70
5,12,5,12,5
7,3,7,3
44,17,44,17
7,36,17,7,36,17
1,7,1,7
7,8,25,7,8,25
17,11,17,11
5,12,7,5,12,7
34,3,11,48,5,7,34,3,11,48,5,7
4,12,7,47,4,12,7,47,4
7,5,7,5
5,7,5,7
7,12,7,12,7
23,7,55,23,7,55
28,7,33,7,12,28,12,7,28,7,33,7,12,28,12,7,28
7,5,7,5,7
7,8,66,7,8,66
7,62,10,62,111,7,62,10,62,111,7
5,7,5,7
12,7,6,4,7,12,7,5,23,12,7,12,7,6,4,7,12,7,5,23,12,7
49,57,7,5,49,57,7,5
19,3,19,3
36,7,36,7
4,15,23,15,44,40,86,4,37,17,4,15,23,15,44,40,86,4,37,17
5,7,5,7,5
3,37,3,37
7,31,7,61,17,12,7,31,7,61,17,12,7
7,23,7,23
7,25,5,120,23,7,25,5,120,23
74,4,30,74,12,97,17,37,3,7,74,4,30,74,12,97,17,37,3,7
7,76,17,7,76,17
7,15,7,15,7
5,7,5,7
4,7,4,7
23,3,23,3
7,5,7,12,7,5,7,12,7
7,5,12,5,7,5,12,5,7
23,11,23,3,23,11,23,3,23
4,7,4,7
34,5,34,5,34,5,34,5,34
7,20,7,20
27,5,37,27,5,37
7,5,7,5
5,7,12,7,4,12,5,7,12,7,4,12
5,111,66,111,5,111,66,111
5,7,5,7
39,51,39,51,39
7,74,7,74
3,7,3,7
3,91,3,91
12,7,12,7,12
7,17,7,17
7,33,7,33
12,7,5,7,5,12,7,5,7,5
7,67,17,7,67,17,7
12,7,12,7
7,8,7,8,7
7,5,7,5
42,7,42,7
12,7,68,5,12,4,12,7,68,5,12,4
39,7,33,7,42,7,39,7,33,7,42,7
7,46,7,46
38,7,38,7
36,7,36,7,36,7,36,7
1,10,3,6,1,10,3,6
107,67,102,17,107,67,102,17
1,12,7,23,7,1,12,7,23,7
28,74,28,74
62,34,10,29,34,62,34,10,29,34
7,12,7,12,7
7,12,3,12,3,12,7,11,5,53,3,7,12,3,12,3,12,7,11,5,53,3
15,3,23,8,3,15,3,23,8,3
4,7,32,12,4,7,32,12
25,9,25,9,25
7,62,7,62
20,7,20,7
5,12,5,12,5
91,43,91,43
14,4,14,4,14,4,14,4,14
24,71,11,85,16,37,6,24,71,11,85,16,37,6
7,103,7,103
51,7,51,7
7,6,51,5,51,12,44,69,7,6,51,5,51,12,44,69
64,43,64,43,20,64,43,64,43,20
20,38,7,20,38,7
15,1,65,99,13,15,1,65,99,13
36,5,36,5
31,75,6,52,91,31,75,6,52,91
7,4,7,4,7
34,2,12,33,34,2,12,33
7,8,7,8
15,55,15,55,15
7,12,7,12
4,7,4,37,12,4,7,4,37,12
25,68,44,25,68,44
23,3,19,23,3,19
12,27,31,4,12,27,31,4,12
7,5,7,5,7,5,7,5,7
89,49,90,49,90,89,49,90,49,90
10,62,10,62
40,76,40,76
7,23,7,32,7,23,7,32
37,4,7,37,4,7
7,5,3,7,5,3,7
12,7,12,7
20,7,20,7,20
3,42,33,12,3,42,33,12
7,36,7,33,7,36,7,33
14,4,14,4
7,15,7,15
7,1,6,7,1,6,7
7,5,7,5
10,59,55,29,55,29,55,29,55,29,55,29,55,10,59,55,29,55,29,55,29,55,29,55,29,55
3,7,3,7
104,52,104,52
10,3,10,3,10
90,7,90,7
53,12,53,12
51,39,17,39,6,17,39,51,39,17,39,6,17,39
59,15,64,59,15,64
15,83,15,31,20,28,31,28,18,24,15,83,15,31,20,28,31,28,18,24,15
6,7,12,7,6,7,12,7
7,12,7,12
7,5,12,7,5,12,7
59,7,59,7,59
30,34,7,30,34,7
36,5,36,5
2,5,2,5
12,61,4,12,61,4,12
62,10,62,10,62,10,62,10,62
7,12,17,6,17,6,17,7,12,17,6,17,6,17
82,57,11,82,57,11
7,5,7,12,7,12,7,5,7,5,7,65,12,7,5,7,12,7,12,7,5,7,5,7,65,12
7,62,34,62,7,62,34,62
28,51,28,51
7,23,7,23
7,37,7,3,113,55,70,59,7,37,7,3,113,55,70,59
15,7,15,7
7,36,7,36,7
7,12,3,7,12,3
7,33,7,33,7
17,7,17,7,35,7,17,35,7,35,7,17,7,17,7,35,7,17,35,7,35,7
37,7,37,7
7,3,7,3
60,5,60,5,60
31,5,52,31,5,52
13,7,12,13,7,12
12,7,12,7,12,7,12,7
7,12,7,12
10,7,10,55,7,10,68,10,7,10,55,7,10,68
12,5,12,5,12
5,7,62,5,7,62
16,7,39,30,34,4,7,16,7,39,30,34,4,7
7,10,7,10,7
7,12,7,12,7
12,7,12,7,12,7,12,7,12
52,7,52,7
7,17,7,17,7
7,39,7,39,7,39,7,39
25,20,7,20,25,7,44,25,20,7,20,25,7,44
6,3,6,3
37,18,37,18,37
90,37,7,90,37,7
7,12,7,12,7
3,4,3,4
10,2,64,10,2,64
12,7,34,5,12,7,34,5
15,2,15,2
66,68,66,68
39,33,39,33
36,7,36,7
7,40,86,63,7,40,86,63
2,7,2,7
7,12,7,12,7
42,7,42,7
1,17,1,25,17,25,17,1,17,1,25,17,25,17
18,7,2,57,18,7,2,57
7,12,7,23,34,10,7,12,7,23,34,10
5,20,68,5,23,5,7,5,20,68,5,23,5,7,5
17,86,44,17,86,44
18,15,18,15
7,3,7,12,7,3,7,12,7
104,1,104,1
18,71,18,71,18
7,64,7,64,7
12,5,12,5
1,12,7,12,1,12,7,12
7,49,4,7,49,4,7
7,39,7,39
18,15,33,17,6,17,6,17,18,15,33,17,6,17,6,17
59,7,59,7,59
7,12,7,12
8,3,7,8,3,7
3,4,108,3,4,108
83,17,6,107,7,52,39,52,31,49,31,75,83,17,6,107,7,52,39,52,31,49,31,75
4,7,75,3,17,24,4,7,75,3,17,24
3,12,3,12
18,7,18,7
124,7,124,7
55,3,55,3
8,60,8,60
7,17,7,3,6,17,7,17,7,3,6,17
74,77,74,34,73,34,30,74,77,74,34,73,34,30
25,64,25,7,25,64,25,7
7,107,17,7,107,17
3,81,3,7,3,81,3,7,3
4,3,4,3
6,15,6,15
12,20,12,60,5,8,20,12,20,12,60,5,8,20,12
51,7,51,7
7,12,4,7,12,4,7
23,44,105,1,25,23,25,23,44,105,1,25,23,25,23
34,7,34,7
25,3,44,25,3,44
6,17,6,17
7,3,1,7,3,1
7,15,7,4,7,15,7,4,7
7,44,59,60,7,44,59,60
7,53,7,53,7
7,4,7,4,34,7,4,7,4,34
3,66,8,3,66,8
12,5,12,6,5,12,5,12,6,5
38,6,17,38,6,17
12,98,12,98
7,23,15,7,23,15
5,98,37,4,7,5,98,37,4,7
64,10,43,1,6,17,86,38,64,10,43,1,6,17,86,38
15,20,83,49,15,20,83,49
55,70,26,55,70,26
39,34,3,34,55,39,34,3,34,55
59,7,59,7
44,69,44,69
7,10,7,10
39,51,39,51,39,51,39,51
7,39,7,39
7,17,5,12,7,10,7,17,5,12,7,10
3,7,5,3,7,12,5,78,7,3,7,5,3,7,12,5,78,7
7,12,7,12
23,8,36,23,8,36
10,62,10,64,10,2,10,62,10,64,10,2
7,12,7,12
7,37,82,23,20,37,7,37,82,23,20,37,7
5,7,3,34,5,34,5,91,5,7,3,34,5,34,5,91
12,55,29,5,29,5,12,55,29,5,29,5
17,107,17,107
7,25,7,25
7,36,7,36
7,12,7,12
17,51,7,17,51,7
28,18,28,18
7,31,7,31
7,3,7,3,7,3,7,3,7
7,6,59,91,7,6,59,91
15,16,15,11,15,16,15,11
4,7,5,12,7,4,7,5,12,7
7,5,3,7,5,3
7,3,7,3,7
37,2,37,2
30,14,30,14
3,46,3,20,15,3,46,3,20,15
71,28,33,12,33,12,33,28,7,5,33,7,71,28,33,12,33,12,33,28,7,5,33,7
51,16,64,51,16,64,51
8,41,8,41
77,4,12,7,5,77,4,12,7,5
7,37,7,37
7,15,7,15
12,7,12,7
39,33,39,33
60,13,23,60,13,23
12,2,1,12,2,1
59,7,59,12,7,12,4,33,7,33,5,7,59,7,59,12,7,12,4,33,7,33,5,7
52,7,52,7
20,15,20,15
8,12,8,12
10,7,20,15,10,7,20,15
7,37,4,15,64,5,15,12,7,37,4,15,64,5,15,12
17,42,17,42,17
7,33,12,44,7,33,12,44
12,5,12,33,12,5,12,33
5,7,5,7
59,7,36,20,59,7,36,20
4,7,14,7,4,7,14,7
7,20,7,20
61,51,23,12,61,51,23,12
59,111,10,59,111,10
2,7,2,7
7,39,7,39
36,7,36,7
47,7,47,7
5,7,5,7,5
60,43,7,60,43,7
7,12,7,12
7,76,7,76
12,5,12,5
7,49,7,5,12,7,16,7,49,7,5,12,7,16,7
7,18,7,34,7,18,7,34,7
6,17,6,17,6
51,101,39,51,101,39
2,62,2,40,2,62,2,40
28,7,28,7
65,7,65,7
7,34,7,34,7
23,7,43,7,23,7,43,7
5,7,5,7,5,7,5,7,5
7,18,99,28,17,7,24,7,85,68,15,1,6,17,28,18,71,7,18,99,28,17,7,24,7,85,68,15,1,6,17,28,18,71
7,15,20,7,15,20
64,8,64,6,17,6,8,25,64,20,64,8,64,6,17,6,8,25,64,20
71,56,71,56
33,31,65,34,47,81,15,16,34,14,33,31,65,34,47,81,15,16,34,14
52,60,52,60
7,52,7,5,7,52,7,5
7,87,38,87,15,4,7,87,38,87,15,4
18,64,18,64
3,62,3,62
4,7,34,15,3,31,12,37,4,7,34,15,3,31,12,37
66,20,66,20
3,7,3,7
57,23,13,57,23,13
7,51,33,51,7,51,33,51,7
7,34,7,34,7
70,52,63,7,52,70,52,63,7,52
17,7,20,3,12,17,7,20,3,12
28,7,28,7
7,5,7,5,7
57,2,7,111,68,57,2,7,111,68
4,39,51,39,51,4,39,51,39,51
7,12,7,12,7
81,10,81,20,62,66,81,10,81,20,62,66
45,43,15,35,61,7,61,8,15,45,43,15,35,61,7,61,8,15
64,41,64,41
31,7,31,7
37,7,37,7
57,7,57,7
17,52,6,17,52,6
52,34,7,35,33,24,49,34,6,7,44,52,34,7,35,33,24,49,34,6,7,44
20,23,20,23
5,12,5,12,5
7,12,59,37,35,12,7,12,59,37,35,12
7,23,7,23
42,111,12,15,3,42,111,12,15,3
4,7,10,7,4,7,10,7
7,39,7,39
7,31,5,39,7,31,5,39
6,17,6,17
7,5,47,2,31,34,12,5,7,5,47,2,31,34,12,5,7
34,4,44,7,34,7,34,4,44,7,34,7
62,10,62,2,62,10,62,2,62
7,5,7,5,7,5,7,5,7,5,7,5,7
39,2,39,2
38,36,44,43,38,36,44,43
35,15,35,15
7,37,7,37
7,3,7,3,7
7,5,7,52,7,5,7,52,7
17,42,35,13,105,7,17,42,35,13,105,7
3,7,2,3,7,2
7,12,39,7,12,7,12,39,7,12
3,20,3,20
36,7,36,7
3,71,10,7,3,71,10,7,3
11,57,11,57,11
27,12,27,12
3,7,3,7
87,77,74,87,34,87,34,73,14,34,87,77,74,87,34,87,34,73,14,34
5,56,7,5,56,7
1,7,4,1,7,4
7,17,7,17
31,4,28,95,4,31,4,28,95,4
85,3,10,28,39,85,3,10,28,39
51,3,7,20,16,7,63,69,51,3,7,20,16,7,63,69
7,51,7,51
4,7,4,7,34,4,7,4,7,4,7,34,4,7
20,37,20,37
7,25,4,25,7,25,4,25
7,12,7,12,7
7,4,7,4
7,23,7,23
51,18,7,24,31,51,18,7,24,31
38,7,4,7,23,7,38,7,4,7,23,7
20,3,111,8,111,20,3,111,8,111
39,51,39,51
62,10,104,17,62,10,104,17
12,7,12,37,7,12,7,12,37,7
12,7,5,7,4,6,7,12,7,5,7,4,6,7
15,3,15,3
81,23,81,23
7,15,7,15,7
7,75,33,28,7,75,33,28,7
39,51,39,51
4,68,62,10,62,10,25,62,25,62,4,68,62,10,62,10,25,62,25,62
59,62,7,59,62,7
7,103,60,103,7,103,60,103
36,3,36,3
23,8,23,8
2,35,40,16,2,35,40,16
16,7,16,7
40,7,5,40,7,5
51,66,1,3,51,66,1,3
7,39,7,3,7,39,7,3,7
7,12,7,12,7,12,7,12
8,15,30,7,44,30,62,8,15,30,7,44,30,62
9,68,9,68
7,44,7,44
83,33,91,83,33,91
23,4,23,4
15,7,15,7
7,4,7,4,7
49,39,51,7,49,39,51,7
20,7,20,7
49,31,41,20,4,49,31,41,20,4
31,39,7,38,8,38,31,39,7,38,8,38
5,36,8,5,36,8
31,7,31,7
12,7,12,7
53,7,53,7
5,20,32,66,5,20,32,66
37,5,37,5
7,5,14,7,5,14,7
7,10,7,10,7,10,7,10
51,2,51,2
4,5,4,5
36,37,36,12,18,36,37,36,12,18
37,12,37,12
91,35,91,35
17,10,6,17,10,6
38,43,38,43
81,62,81,62
4,92,10,15,10,92,4,92,10,15,10,92
53,62,53,62
7,12,7,12
51,12,17,7,12,51,12,17,7,12
7,3,7,3,7
5,31,5,31
17,5,64,3,2,17,5,64,3,2
7,5,7,5,7
31,62,10,31,62,10
7,17,7,17
7,25,16,23,7,25,16,23
15,35,42,43,53,8,10,15,35,42,43,53,8,10
7,65,7,65,7
20,59,20,59
25,16,25,23,25,16,25,23
34,60,7,37,20,34,60,7,37,20
52,17,20,13,52,17,20,13
4,10,4,10
39,51,39,7,39,51,39,7
20,7,20,49,20,7,20,49
7,4,7,4,7
5,7,5,7
55,52,7,10,7,2,10,55,52,7,10,7,2,10
7,20,37,7,20,37,7
7,28,7,48,111,7,28,7,48,111
7,23,7,23,7,23,7,23,7,23,7,23,7,23,7,23
15,7,15,7,15
7,23,7,4,23,60,7,23,7,4,23,60,7
2,34,2,34
18,23,18,23
5,100,5,100
7,5,68,16,42,7,44,17,7,5,68,16,42,7,44,17
16,6,33,31,111,31,16,6,33,31,111,31
55,7,4,7,34,5,55,7,4,7,34,5
51,7,51,7,51,7,39,51,39,51,7,51,7,51,7,39,51,39
6,44,5,42,6,44,5,42
23,26,23,26
17,3,17,3
5,39,5,39
8,15,8,15
33,51,7,33,51,7
7,37,20,3,7,20,3,7,37,20,3,7,20,3
7,59,7,59,7
30,53,38,5,62,12,30,53,38,5,62,12
15,16,15,16
40,15,40,15
113,7,28,7,113,7,28,7
34,87,3,73,6,34,87,3,73,6
31,7,31,7
7,5,7,5
5,6,86,7,6,5,6,86,7,6
7,5,7,5,7
99,7,99,7
4,49,4,49
7,12,7,12
60,76,44,60,76,44
15,42,15,42,15
12,29,12,29
5,7,33,7,5,7,33,7
7,4,7,4,7
35,42,88,7,4,7,23,7,35,42,88,7,4,7,23,7
2,10,4,2,10,4
5,7,5,7
5,12,7,5,7,5,12,7,5,7,5
2,91,62,11,2,26,2,91,62,11,2,26
97,41,97,41
20,8,105,10,105,8,20,8,20,8,20,8,105,10,105,8,20,8,20,8
49,7,3,7,49,7,49,3,49,7,3,7,49,7,49,3
4,62,7,62,4,62,7,62
7,37,7,37
7,4,7,5,31,39,31,7,5,7,5,12,5,7,59,7,4,7,5,31,39,31,7,5,7,5,12,5,7,59,7
7,32,111,32,7,32,66,7,32,111,32,7,32,66
12,7,12,7
12,15,12,15
7,43,55,105,57,7,57,2,89,7,43,55,105,57,7,57,2,89
51,7,51,7
5,12,5,12,5,7,5,12,5,12,5,7
85,28,24,28,85,28,24,28
35,20,7,35,20,7
33,5,23,37,39,37,33,5,23,37,39,37
7,37,5,7,37,5
55,123,6,55,123,6
7,17,7,17
15,7,23,7,15,7,23,7
20,7,20,7
7,33,7,33
55,33,55,33
34,57,34,62,7,4,62,34,57,34,62,7,4,62
20,19,20,19,20,19,20,19,20
3,35,3,35
51,31,3,7,51,39,51,31,3,7,51,39
52,11,31,52,11,31
57,12,20,11,57,12,20,11,57
12,5,105,44,17,6,17,12,5,105,44,17,6,17
7,37,7,37,7
7,39,7,39
7,5,7,5
55,7,55,7
7,5,7,5
7,60,7,60
17,7,17,7
99,62,99,62
33,39,33,39
37,4,37,4,37
7,5,12,7,5,12
7,5,7,5,7,5,7,5
39,51,5,7,39,51,5,7
7,12,7,12
7,12,7,12,7
19,32,19,32
7,52,7,39,7,52,7,39,7
15,17,15,17
20,7,20,7
24,5,69,24,5,69
7,5,7,5,7
18,7,18,7,18
38,7,38,7
7,19,38,7,19,38
10,7,10,7
73,14,73,87,73,87,73,14,73,87,73,87
3,15,7,3,15,7
8,65,5,7,8,2,25,8,65,5,7,8,2,25
7,39,7,39,7
101,7,101,7,101,97,101,7,101,7,101,97
11,3,75,11,75,11,3,75,11,75
4,34,30,46,34,4,46,4,34,4,34,30,46,34,4,46,4,34,4
7,101,49,89,7,101,49,89
32,20,15,32,20,15
7,39,7,39
7,36,7,3,7,36,7,3,7
28,18,50,3,28,18,50,3
51,7,51,7
121,44,121,44,121
7,23,7,23
68,7,10,33,7,81,68,7,10,33,7,81
7,39,51,20,51,7,39,51,20,51
68,7,23,68,7,23
26,104,57,26,104,57
34,46,47,5,46,34,7,34,46,47,5,46,34,7
10,3,68,3,60,10,3,68,3,60
5,7,5,7
39,23,39,23
74,34,81,7,74,34,81,7
7,5,7,12,7,12,36,12,7,5,7,12,7,12,36,12
6,7,6,7
7,33,12,7,33,12
3,7,39,51,31,39,24,39,51,3,7,39,51,31,39,24,39,51
40,5,105,57,5,7,85,7,85,5,40,5,105,57,5,7,85,7,85,5
23,20,23,20,23,20,23,20,23,20,3,9,16,25,23,20,23,20,23,20,23,20,23,20,3,9,16,25
25,13,25,13,25
5,7,5,7
111,66,32,66,32,33,31,32,14,32,15,5,111,66,32,66,32,33,31,32,14,32,15,5
55,91,62,55,91,62
7,5,7,5
6,41,6,41
7,15,37,7,37,3,7,15,37,7,37,3
49,33,51,49,33,51
7,85,7,85
7,5,7,5
6,7,33,6,7,33
5,120,5,120
76,54,2,76,54,2
36,2,11,36,2,11
38,7,38,7
6,49,4,12,7,4,20,6,49,4,12,7,4,20
7,3,7,23,7,3,7,23,7
7,37,7,37,7
27,60,27,60
7,12,7,37,7,12,7,37,7
7,5,7,5
52,92,5,52,92,5
42,10,42,10
75,33,75,33,75
3,39,3,39
3,7,12,3,7,12
34,7,3,2,7,34,7,3,2,7
25,7,25,7
30,34,30,34
7,39,7,39
5,7,51,5,3,5,7,5,7,51,5,3,5,7,5
5,7,5,7,5,7,5,7
3,2,6,3,2,6
63,91,59,10,28,7,63,91,59,10,28,7
7,6,63,7,6,63,7
33,7,33,7
5,7,5,7
64,7,57,7,64,7,57,7
7,32,3,7,32,3
5,7,38,7,5,7,38,7
7,20,7,20,7
7,20,25,23,15,23,7,20,25,23,15,23
12,57,11,12,57,11
39,33,24,12,7,97,39,33,24,12,7,97
7,55,7,55
7,12,7,12
40,55,40,55
1,15,1,15,1,15,1,15
15,23,15,23
4,81,17,4,81,17
6,4,7,6,4,7
7,10,62,7,10,62
2,64,88,81,38,2,64,88,81,38
17,23,76,17,6,107,17,23,76,17,6,107
7,12,7,12,7
12,57,8,12,2,12,57,8,12,2,12
20,7,20,7
7,5,7,5
12,7,12,7
20,25,13,25,20,25,13,25,20
3,7,3,7
61,12,6,61,12,6
4,81,5,108,7,35,4,34,4,81,5,108,7,35,4,34
7,4,7,4,7,77,7,4,43,25,4,7,4,7,4,7,77,7,4,43,25,4
5,12,5,12
3,23,29,7,3,23,29,7
3,23,7,3,7,15,3,23,7,3,7,15
3,1,7,3,1,7
5,10,1,5,10,1
5,12,55,7,5,12,55,7,5
7,5,7,5,7
37,44,76,7,3,7,37,44,76,7,3,7
7,5,7,5
64,110,64,110
7,27,7,5,7,27,7,5
7,34,7,62,7,34,30,7,34,7,62,7,34,30
23,7,23,7
7,12,7,12,62,12,7,12,5,7,12,7,12,62,12,7,12,5,7
20,7,20,7
7,12,7,5,12,7,5,7,5,7,5,7,5,12,7,12,7,5,7,12,5,7,12,7,5,12,7,5,7,5,7,5,7,5,12,7,12,7,5,7,12,5
7,5,7,5,7
37,5,44,37,5,44
7,23,20,23,43,23,7,23,20,23,43,23
7,4,7,4
49,23,67,49,23,67
33,49,33,39,33,64,33,49,33,39,33,64
7,3,7,3,7,3,7,3,7
7,42,7,42
10,2,10,2,10,2,17,2,10,2,10,2,10,2,17,2
5,7,5,7
12,20,12,7,12,20,12,7
5,74,31,39,7,5,74,31,39,7
15,51,31,7,15,51,31,7
17,7,17,7
7,12,7,12
115,6,115,6
7,67,7,8,15,17,7,67,7,8,15,17
7,3,12,23,12,7,3,12,23,12
7,26,40,7,26,40,7
6,7,6,7
15,42,38,119,15,42,38,119
7,5,7,5,7,5,7,5
7,28,18,7,28,18
78,51,34,31,73,46,78,51,34,31,73,46
7,14,7,47,4,7,14,7,47,4,7
5,34,4,34,4,34,87,34,87,73,34,46,47,5,34,4,34,4,34,87,34,87,73,34,46,47
7,34,7,34
49,37,4,49,37,4
7,5,7,5,7
7,4,7,4
7,78,7,78
7,44,40,7,44,40
107,17,107,17
7,20,7,20
7,48,7,48
80,20,36,33,7,17,4,80,20,36,33,7,17,4
64,15,12,7,40,7,64,15,12,7,40,7
39,33,39,31,39,51,31,39,33,39,31,39,51,31
6,7,12,6,7,12
49,12,40,76,17,49,12,40,76,17
20,111,20,7,20,13,7,20,111,20,7,20,13,7
7,36,7,36,7
4,7,12,4,7,12
17,12,36,12,44,12,17,12,36,12,44,12
7,5,7,5,7,5,7,5,7
7,28,7,28
23,12,23,12
6,7,44,7,5,7,6,7,44,7,5,7
5,4,5,4
5,7,5,7,5,7,5,7
7,12,11,20,108,12,37,20,11,5,7,12,11,20,108,12,37,20,11,5,7
5,7,12,5,7,12
12,47,5,12,47,5
60,7,60,7
12,57,4,12,4,12,57,4,12,4,12
7,10,11,7,10,11
12,7,12,7
23,20,23,20
17,6,62,2,39,2,10,2,17,6,62,2,39,2,10,2
16,39,51,7,33,51,20,16,39,51,7,33,51,20
32,15,32,15
33,75,33,7,3,15,33,75,33,7,3,15,33
32,5,32,3,32,3,32,5,32,3,32,3
91,5,7,4,91,5,7,4
12,7,12,7
53,20,53,20,53
52,7,3,33,52,7,3,33
17,7,17,96,17,7,17,96
7,42,7,42
4,7,4,7
7,17,6,17,40,63,7,17,6,17,40,63
64,66,64,66,64
7,23,7,23
38,7,23,32,23,31,19,15,39,7,38,7,23,32,23,31,19,15,39,7
36,49,39,49,5,3,34,7,36,49,39,49,5,3,34,7
105,55,105,55
7,71,7,71
71,49,71,49
3,5,3,64,6,20,3,5,3,64,6,20,3
66,53,13,53,8,53,20,7,64,66,53,13,53,8,53,20,7,64
20,4,51,34,20,4,51,34
7,12,5,7,12,5,7
39,12,7,39,12,7
34,7,34,7,34
17,15,17,15
7,34,7,34
7,15,7,15
7,5,7,5,7
7,37,7,37
6,17,91,6,86,105,6,17,91,6,86,105
37,7,37,7,37
7,12,39,6,49,41,7,12,39,6,49,41,7
7,4,7,4
7,3,7,3,7,3,7,3,7
25,3,20,25,3,20
7,12,37,7,12,37,7
7,12,7,37,7,12,7,37,7
42,7,42,7
7,42,7,42
23,7,12,15,7,5,7,2,23,7,12,15,7,5,7,2
98,81,4,81,5,4,5,23,98,81,4,81,5,4,5,23
4,30,7,30,12,47,46,30,4,30,7,30,12,47,46,30
31,51,39,44,40,31,51,39,44,40
59,15,59,15
12,59,17,12,59,17
7,15,7,91,3,6,15,7,15,7,91,3,6,15,7
33,52,5,28,4,5,28,17,33,52,5,28,4,5,28,17
38,7,32,7,38,7,32,7
7,12,5,7,12,5
7,2,7,2
5,7,23,5,7,23,5
7,5,7,5,7
7,91,7,91
6,63,44,63,12,6,63,44,63,12
52,6,52,6,23,15,25,15,52,6,52,6,23,15,25,15
7,23,7,23
3,7,3,7
7,31,3,6,3,7,31,3,6,3
66,60,43,66,60,43
7,20,7,39,12,7,36,12,7,36,7,20,7,39,12,7,36,12,7,36,7
7,39,7,39,7
5,7,5,7
1,15,1,15,1,12,62,7,1,15,1,15,1,12,62,7
25,5,25,5
3,7,3,7
4,81,4,81
5,39,32,66,32,23,15,5,39,32,66,32,23,15,5
7,31,7,31,7
7,37,7,3,7,37,7,3,7
7,5,7,5
3,7,3,7
55,17,55,17
4,7,4,7
5,7,23,5,7,23,5
47,7,47,7,47,7,47,7,47
7,3,5,4,7,3,5,4,7
73,52,5,4,73,52,5,4
7,91,7,91
78,15,43,78,15,43
7,3,7,3
15,68,25,15,68,25
7,20,12,7,20,12
2,15,7,2,15,7
63,17,115,13,103,13,64,6,67,17,6,63,17,115,13,103,13,64,6,67,17,6
7,37,7,27,7,37,7,27,7
20,7,20,7
42,20,42,15,64,16,15,42,2,68,2,42,20,42,15,64,16,15,42,2,68,2
5,7,5,7,5
7,4,7,4
7,43,7,36,7,12,7,43,7,36,7,12,7
7,9,7,9,7
10,34,8,10,34,8
14,16,64,14,16,64
4,33,7,4,33,7
3,76,17,6,3,76,17,6
7,88,7,57,7,88,7,57
7,59,7,59
7,76,7,76
38,17,66,38,7,5,7,66,38,17,66,38,7,5,7,66
37,7,37,7
5,49,89,110,49,5,7,5,76,44,76,86,40,5,49,89,110,49,5,7,5,76,44,76,86,40
49,75,16,3,49,75,16,3
8,66,8,13,8,66,8,13
4,8,42,80,4,8,42,80,4
31,15,49,71,31,15,49,71
25,64,10,11,25,64,10,11,25
7,37,4,37,7,16,3,7,37,4,37,7,16,3
7,5,7,5
7,34,37,7,34,37
42,7,42,7
7,3,7,3
7,53,7,53
14,73,14,74,14,73,14,74
42,3,5,44,71,18,57,42,20,35,7,42,3,5,44,71,18,57,42,20,35,7
70,20,70,7,70,7,70,5,70,23,7,70,7,37,4,70,20,70,7,70,7,70,5,70,23,7,70,7,37,4
64,14,64,14
7,12,55,15,7,12,55,15
7,12,7,12,7
51,33,51,33,39,31,51,33,75,51,39,51,33,51,33,39,31,51,33,75,51,39
8,15,3,15,8,15,3,15
59,10,3,59,26,59,10,3,59,26,59
3,2,3,2
10,23,7,10,23,7
4,114,47,30,4,114,47,30,4
7,55,7,55,7
7,52,7,52
12,81,12,81,12
12,36,7,12,36,7
33,23,33,23
91,7,91,7
52,7,52,7
88,15,88,15
5,34,5,34
35,23,7,4,35,23,7,4
12,7,12,5,12,3,39,17,6,12,7,12,5,12,3,39,17,6
5,4,5,4,5,4,5,4
3,20,3,20
13,68,15,13,68,15
28,14,34,7,62,7,28,14,34,7,62,7
7,3,7,36,7,3,7,36,7
28,7,28,7
16,5,81,16,5,81
7,52,7,52,7
7,52,7,52,7
59,7,59,7
20,2,62,35,20,2,62,35
24,31,33,12,8,24,31,33,12,8
15,7,15,7
3,12,3,65,7,3,12,3,65,7
13,105,13,105
7,17,6,7,6,7,17,6,7,6
7,5,7,39,7,15,28,31,7,5,7,39,7,15,28,31
4,12,7,4,7,4,12,7,4,7
17,7,17,7,17
31,28,31,28
7,4,36,7,4,36,7
37,7,37,7,37,7,37,7,37,7,98,37,7,37,7,37,7,37,7,37,7,37,7,98,37,7,37
7,57,26,57,26,64,26,57,3,55,3,44,12,2,26,5,3,26,7,57,26,57,26,64,26,57,3,55,3,44,12,2,26,5,3,26,7
3,37,3,37
12,39,12,39
66,111,66,111,23,66,111,66,111,23,66
47,4,7,47,4,7,47
5,7,5,7,52,5,7,5,7,52
3,23,3,23
31,111,31,111
92,5,7,92,5,7
25,7,25,7,25
6,7,18,7,99,6,7,18,7,99
7,91,7,91,7
7,5,7,5
7,3,7,3
19,34,7,19,34,7
7,81,105,28,7,81,105,28
7,12,7,12
4,91,78,4,91,78
12,43,12,52,12,43,12,52
12,7,33,12,7,33
7,10,7,10
7,6,7,6,7
12,7,5,7,12,7,5,7
38,59,26,59,38,59,26,59
7,23,10,5,7,23,10,5,7
81,3,81,3
5,52,20,7,35,5,52,20,7,35
89,49,89,92,89,49,89,92
71,49,33,52,71,49,33,52
68,62,3,68,62,3
19,17,20,4,27,62,2,19,17,20,4,27,62,2
23,20,23,20
7,5,7,5,7
20,5,20,5
7,6,7,6,15,7,6,7,6,15
12,7,12,7,12,7,12,7
4,14,4,14,4
2,7,2,7
39,6,17,39,6,17
7,12,7,4,7,12,7,4,7
7,4,7,4,7
10,7,37,7,10,7,37,7
65,71,65,71
26,7,10,26,7,10,26
38,23,38,23
17,7,92,17,7,92,17
49,24,49,24
7,12,7,12,7,12,7,12,7,12,7,12,7
55,26,78,59,6,17,15,19,32,66,20,55,26,78,59,6,17,15,19,32,66,20
7,36,7,36
7,36,7,36,7
7,37,7,37,7
12,7,12,7
14,74,17,40,80,74,14,74,17,40,80,74
68,7,64,7,68,7,68,7,64,7,68,7
6,7,4,6,7,4
37,7,37,7,37
26,10,2,26,10,2
7,49,7,49
66,5,25,66,5,66,5,25,66,5
7,36,7,36,7
7,28,51,39,7,28,51,39,7
33,75,33,39,49,39,12,33,75,33,39,49,39,12
10,2,62,10,2,62
7,17,7,44,69,7,17,7,17,7,44,69,7,17
89,51,89,51
15,1,15,1
51,7,51,7
47,7,5,7,5,107,47,7,5,7,5,107
64,7,5,7,5,64,7,5,7,5
5,33,5,33,5
7,5,7,5,7
31,39,31,39
7,74,31,6,7,74,31,6,7
6,17,51,6,17,51
62,10,62,10,62
55,7,44,127,44,16,55,7,44,127,44,16
12,7,5,7,12,7,5,7
6,44,76,6,44,76
31,33,31,12,31,33,31,12
23,6,7,23,6,7
7,12,7,12,7
31,33,20,31,33,20
12,7,12,7
7,31,75,33,75,7,31,75,33,75,7
7,61,7,61
7,17,7,17
31,7,31,7,36,7,31,7,31,7,36,7
7,17,7,17
36,7,36,7
7,23,7,23,7
38,7,38,7
7,43,21,24,33,7,43,21,24,33,7
61,40,7,61,40,7
7,49,7,49,7
5,65,5,65
17,7,17,7
81,7,8,43,81,7,8,43
17,23,17,23,17
111,7,111,7
15,25,13,21,43,13,25,13,60,25,7,5,79,15,25,13,21,43,13,25,13,60,25,7,5,79
87,77,87,77
7,5,7,5
64,44,67,43,64,44,67,43
3,7,3,7
7,30,4,7,30,4
13,59,13,59
38,66,25,9,38,66,25,9
7,3,7,3,7
7,12,5,39,7,12,5,39
3,10,3,8,66,3,10,3,8,66
3,26,62,52,93,52,97,57,2,7,3,26,62,52,93,52,97,57,2,7
7,12,7,5,7,12,7,5
91,38,62,91,38,62
49,67,37,7,37,10,49,67,37,7,37,10
64,4,7,25,7,64,4,7,25,7
8,7,64,7,8,7,64,7
7,44,7,44
20,25,23,25,20,25,23,25
103,5,103,5
7,36,7,36,7
10,45,23,45,23,16,10,45,23,45,23,16
7,5,7,5,7,43,7,5,7,5,7,43
7,49,36,7,69,44,7,49,36,7,69,44,7
7,52,6,7,52,6
12,36,6,7,12,36,6,7
3,5,3,5
3,7,3,7
34,11,34,76,34,11,34,76
7,34,7,27,12,7,34,7,27,12
4,7,80,82,104,82,4,7,80,82,104,82
25,34,4,25,34,4
111,63,67,111,63,67
25,13,25,17,25,13,25,17
7,3,7,3,7
63,86,63,86,63
7,5,7,5
42,88,42,88,15,42,88,42,88,15
3,7,3,7
5,2,7,5,2,7
67,70,26,67,70,26
36,7,24,28,7,36,7,24,28,7
60,9,21,60,15,60,9,21,60,15
38,4,5,4,7,38,4,5,4,7
7,40,6,7,40,6
7,33,75,7,5,7,12,7,33,75,7,5,7,12
38,10,38,10
5,7,5,7
71,55,71,55,71
108,4,49,4,34,108,4,49,4,34
64,15,10,64,15,10
99,1,3,20,17,23,3,99,1,3,20,17,23,3
7,12,7,5,7,12,7,5,7
7,15,7,15,7
7,38,88,7,20,7,38,88,7,20
7,17,7,17,7
15,7,15,7,15,7,12,7,15,12,61,7,15,7,15,7,15,7,12,7,15,12,61,7
4,7,4,7
89,7,15,92,89,7,15,92
7,101,7,14,7,101,7,14
7,10,7,10
12,57,12,57
56,22,62,56,22,62
7,44,17,7,44,17
7,4,7,4
7,68,7,68,7
71,5,7,5,37,71,5,7,5,37
20,38,20,38
6,67,6,67
17,7,2,7,10,17,7,2,7,10
7,1,7,1,7
7,35,7,35
7,31,7,31
20,5,7,43,4,7,61,7,23,7,15,7,20,5,7,43,4,7,61,7,23,7,15,7
49,4,81,4,49,4,81,4
3,16,3,16
4,36,4,36
37,20,37,20
120,76,120,76
25,42,62,25,42,62
7,17,3,7,15,7,17,3,7,15,7
23,88,23,88
7,53,12,17,7,53,12,17
7,12,7,12
59,2,59,2,59
20,36,7,20,36,7
23,7,23,7
7,15,7,15,7
5,7,5,7,5,7,5,7
11,23,12,7,68,11,23,12,7,68
51,33,15,16,51,33,15,16,51
38,78,38,78
33,101,23,33,101,23
31,51,75,55,51,31,75,31,51,75,55,51,31,75,31
17,6,12,7,17,6,12,7
23,20,3,20,23,20,3,20
7,3,5,7,3,5
17,7,17,7
8,2,62,7,22,11,8,2,62,7,22,11
47,34,7,47,34,7
5,4,12,5,7,4,5,4,5,12,55,98,5,4,12,5,7,4,5,4,5,12,55,98
7,12,7,12,7,12,7,12,7
65,49,65,49
105,55,105,55,105,55,105,55,105
49,52,15,49,52,15
6,47,6,47
12,7,12,7
1,38,1,38
8,5,8,5
4,7,4,7
5,59,26,5,59,26
105,17,7,2,105,17,7,2
20,83,31,39,51,39,51,39,51,18,39,31,20,83,31,39,51,39,51,39,51,18,39,31
71,20,71,20
12,34,12,7,68,12,34,12,7,68
20,7,20,7
51,49,7,51,49,7
7,10,28,7,10,28,7
49,10,5,7,49,10,5,7
40,7,59,40,7,59
31,33,7,31,33,7
25,44,40,44,69,50,16,25,44,40,44,69,50,16
38,6,52,65,52,65,38,6,52,65,52,65
38,17,38,17
31,36,31,36
7,12,7,12
7,67,4,7,67,4
7,12,7,12,7,12,7,12,7
10,7,10,7
7,68,43,7,10,43,7,68,43,7,10,43
5,59,5,59
7,12,5,12,39,15,37,5,7,12,5,12,39,15,37,5,7
31,51,39,7,31,51,39,7
46,4,12,4,15,4,46,4,12,4,15,4
27,5,7,27,5,7
5,51,5,51,5
7,4,7,4
36,7,32,15,45,36,7,32,15,45
7,31,7,31,7
60,7,60,7
42,88,55,42,88,55
74,6,10,74,6,10
34,7,34,7
15,3,15,3
52,7,34,7,59,36,37,3,52,7,34,7,59,36,37,3
3,7,62,37,7,3,7,62,37,7
17,105,66,17,105,66
27,7,27,7
20,5,26,7,20,5,26,7
10,7,18,16,61,10,7,18,16,61
49,33,34,5,49,33,34,5
5,4,77,4,5,4,77,4
5,7,5,7
7,17,52,7,17,52,7
33,15,59,33,15,59
3,7,3,7
3,59,3,20,7,3,59,3,20,7
91,20,91,20
7,5,7,5,7
38,15,38,15,38
33,7,33,7
42,88,12,17,42,88,12,17
12,7,4,12,7,4
15,38,15,38
39,49,31,39,20,5,7,39,49,31,39,20,5,7
25,8,25,8
65,52,113,24,39,51,55,6,65,52,113,24,39,51,55,6
91,100,91,54,12,118,49,6,12,20,91,100,91,54,12,118,49,6,12,20
80,97,7,80,97,7
4,74,4,74
13,3,13,3
57,7,10,57,7,10
7,12,7,12,7,12,7,12,7,12,7,12,7
37,7,43,37,7,43
93,10,3,93,10,3
28,94,15,28,94,15
10,7,10,7
6,17,6,17
7,15,7,4,49,4,7,15,7,4,49,4,7
1,4,81,7,1,4,81,7
7,5,7,5
64,3,64,5,64,3,64,5
68,81,34,68,81,34,68
7,12,7,12,7,12,7,12,7,12,7,12,7,12,7,12,7
7,23,7,23
7,5,7,5,7
7,60,7,60
39,51,39,51,39
17,6,17,6,17
17,51,15,1,17,23,61,2,7,17,51,15,1,17,23,61,2,7
7,99,7,99
5,12,5,17,7,5,12,5,17,7
12,5,12,5
7,40,17,7,53,7,40,17,7,53,7
33,75,3,7,33,69,2,7,33,75,3,7,33,69,2,7
6,7,17,6,7,17,6
7,25,7,23,7,25,7,23,7
7,14,7,52,55,7,81,7,6,7,14,7,52,55,7,81,7,6
20,5,7,10,5,17,20,5,7,10,5,17
7,5,12,7,5,12
7,108,33,7,108,33
7,12,7,12
5,6,5,7,5,6,5,7
18,38,3,18,38,3
37,5,37,5
1,19,1,19
7,12,7,12
3,7,81,37,7,3,7,81,37,7
10,65,10,65
81,5,81,5
13,64,13,64
7,17,7,17,7
92,16,92,16
7,1,7,71,7,1,7,71,7
7,6,30,47,46,6,7,6,30,47,46,6
26,55,5,34,5,26,55,5,34,5
32,111,8,20,111,20,32,111,8,20,111,20
7,3,7,8,7,3,7,8
7,23,19,23,7,3,7,23,19,23,7,3,7
36,7,17,7,36,7,17,7
7,36,7,36,7
33,17,33,17
31,7,18,31,7,18
5,105,55,5,105,55
7,53,60,64,20,7,5,7,55,53,7,53,7,53,60,64,20,7,5,7,55,53,7,53
111,25,111,25
23,42,23,42
39,7,39,7
5,105,81,37,5,105,81,37
12,25,12,62,12,20,10,12,25,12,62,12,20,10
5,7,15,20,5,7,15,20
4,34,4,34
5,7,5,7,5
6,3,17,20,6,3,17,20
25,59,13,25,59,13
7,2,23,68,7,2,23,68,7
5,7,5,7,5,7,5,7
6,17,6,17,6,17,6,17,6
7,49,12,7,49,12
12,7,12,7,12
7,19,7,19
7,34,5,12,30,12,5,12,5,37,7,34,5,12,30,12,5,12,5,37
28,18,69,49,18,3,24,28,18,69,49,18,3,24
37,7,37,7
12,7,12,7
71,6,71,17,71,6,71,17
33,39,11,33,39,11
20,28,20,28
7,4,7,26,7,5,4,46,81,7,80,12,7,4,7,26,7,5,4,46,81,7,80,12
7,26,7,26
15,20,7,17,15,20,7,17
36,7,36,7
7,12,35,9,60,7,12,35,9,60
32,66,19,7,15,12,32,66,19,7,15,12
38,17,104,82,38,17,104,82,38
33,39,33,39
3,7,3,7
20,105,20,105
3,12,7,15,12,25,23,25,32,3,12,7,15,12,25,23,25,32
5,7,5,7
7,1,7,1,7,1,7,1,7,1,7,1,7,1,7,1,7,1,7,1,7
34,30,34,30,65,12,28,34,49,28,34,30,34,30,65,12,28,34,49,28
64,7,12,7,64,7,12,7
6,55,74,7,8,6,55,74,7,8
47,4,51,30,7,30,47,30,7,44,47,4,51,30,7,30,47,30,7,44
17,6,96,115,107,17,37,17,6,96,115,107,17,37
7,28,49,23,66,32,60,59,57,7,28,49,23,66,32,60,59,57,7
63,44,40,63,44,40
7,1,7,1
33,39,33,39
7,5,7,5
49,23,49,23
34,74,77,30,34,47,34,74,34,77,14,77,37,7,34,74,77,30,34,47,34,74,34,77,14,77,37,7
4,7,12,4,7,12
20,32,111,66,111,66,32,111,32,66,20,32,111,66,111,66,32,111,32,66
91,7,6,96,68,91,7,6,96,68
7,3,7,23,3,23,7,23,7,3,7,23,3,23,7,23
4,3,4,3,4
5,7,44,7,5,7,44,7
31,70,5,7,70,5,31,70,5,7,70,5,31
7,12,7,12,7
12,5,52,5,7,65,4,12,5,52,5,7,65,4
12,60,12,60
7,4,7,4,37,7,4,7,4,37
15,5,7,5,15,65,7,15,5,7,5,15,65,7
7,33,3,4,34,4,34,7,33,3,4,34,4,34,7
7,23,7,23
6,7,6,7
65,55,3,91,29,51,7,3,65,55,3,91,29,51,7,3
23,12,7,23,12,7
7,3,7,3,7,3,7,3,7
38,31,7,31,38,31,7,31
5,7,43,7,5,7,43,7
4,3,4,3
17,6,5,17,6,5
7,10,7,10
10,5,31,10,5,31
7,37,7,37,7,4,37,7,37,7,37,7,4,37
7,23,7,23,7
3,64,3,64
7,29,7,66,54,7,29,7,66,54,7
80,20,23,77,64,80,20,23,77,64,80
5,7,12,5,7,4,7,4,5,7,12,5,7,4,7,4
38,7,38,7
17,7,5,63,44,17,7,5,63,44
34,5,34,7,12,34,5,34,7,12
7,5,10,7,5,10
114,18,114,18
7,4,7,4,7
7,62,7,62
22,75,4,17,7,22,75,4,17,7
3,39,51,12,3,39,51,12
20,19,41,11,57,26,57,20,19,41,11,57,26,57
7,5,7,12,7,5,7,12,7
7,61,7,61,7
111,7,111,7
7,6,34,7,6,34,7
24,4,24,4
2,11,3,105,2,11,3,105
51,39,7,3,36,7,33,31,51,39,7,3,36,7,33,31
57,26,57,26,57
36,7,12,36,7,12
7,35,5,7,35,5
20,7,20,7
38,5,7,5,38,5,7,5
20,68,75,20,68,75
11,57,11,57
36,105,55,36,105,55
6,17,6,17
7,4,34,7,4,34
28,7,28,5,49,28,7,28,5,49
15,7,15,7,15
7,3,7,3
7,67,7,67,7
59,3,39,59,3,39
59,10,59,10,59,10,59,10,59
15,7,15,7
7,51,92,51,7,51,92,51
55,7,55,7
7,5,7,5,7
7,5,6,5,7,5,6,5,7
36,12,36,12
23,3,23,3
25,15,49,108,41,71,26,97,25,15,49,108,41,71,26,97
7,5,7,5,7,5,7,5,7
38,7,38,7
3,20,3,20,7,23,12,7,23,7,3,20,3,20,7,23,12,7,23,7
3,15,76,3,15,76
7,10,28,7,10,28
7,5,73,7,5,73
31,33,31,7,52,31,33,31,7,52
7,12,5,12,7,12,5,12,7
18,28,18,28,18
4,7,4,7
7,46,23,7,46,23
7,11,7,11
36,7,36,7
7,3,7,4,7,3,7,4
39,51,39,51
104,3,25,7,104,3,25,7
80,7,3,80,7,3
52,5,12,52,5,12
7,20,7,20
37,3,37,3
4,5,4,5
12,7,89,12,7,12,7,12,7,89,12,7,12,7
37,7,81,7,81,37,7,81,7,81
7,23,7,23
7,12,5,7,12,5
3,7,3,7
36,7,104,7,43,15,7,36,7,104,7,43,15,7
12,5,91,6,12,5,91,6
6,7,34,6,7,34
34,7,81,34,25,77,74,87,59,34,7,81,34,25,77,74,87,59
23,7,23,7
65,7,65,7
39,20,7,39,20,7
23,33,8,103,66,23,33,8,103,66
10,104,70,91,44,10,104,70,91,44,10
7,31,7,31,7
60,45,60,45
25,23,7,25,23,7
15,39,15,39
5,7,5,17,5,7,5,17
3,51,39,44,40,63,67,44,3,51,39,44,40,63,67,44,3
31,24,33,31,24,33
85,3,85,3
86,7,86,7
12,7,3,44,12,7,3,44,12
7,17,6,7,17,6
16,7,16,7
30,23,11,46,30,23,11,46
4,7,23,7,4,7,23,7
4,77,7,4,77,7
7,4,34,7,4,34
71,7,71,7
5,7,20,5,7,20
49,20,17,2,26,20,80,6,62,49,20,17,2,26,20,80,6,62
8,59,8,59
15,23,15,64,15,64,15,23,15,64,15,64,15
20,51,33,5,20,51,33,5
66,74,66,74
4,8,4,8
52,7,12,52,7,12
68,34,58,79,68,34,58,79
7,12,7,12,7
15,104,15,104,15
7,4,7,4,7
37,7,37,7
5,7,5,7
6,43,7,12,7,12,5,12,65,6,43,7,12,7,12,5,12,65
18,15,17,18,15,17
12,24,15,12,24,15
7,5,7,5,7
12,7,12,45,12,7,12,45
3,28,3,28
7,87,11,7,87,11,7
25,7,25,7
12,7,36,12,7,36,12
4,5,95,7,4,5,95,7,4
12,4,7,4,33,4,7,12,5,12,4,7,4,33,4,7,12,5
7,12,68,64,7,12,68,64
53,7,5,9,53,7,5,9
33,8,33,8,33
74,18,49,15,74,18,49,15
4,12,7,4,12,7
7,38,41,7,38,41,7
4,38,3,4,38,3
12,7,5,12,7,5
104,37,15,104,37,15
7,91,7,91
3,10,42,57,7,42,7,3,10,42,57,7,42,7
7,4,7,4,7
23,88,23,3,23,88,23,3
1,16,1,20,1,16,1,20
33,67,8,45,66,12,44,33,67,8,45,66,12,44
4,34,62,34,4,34,62,34
7,81,7,81,7
5,12,5,12
7,12,44,7,6,36,7,12,44,7,6,36
19,38,19,38
7,5,51,7,12,39,7,5,51,7,12,39
12,4,12,4
7,5,7,12,7,5,7,12
1,7,1,7
7,5,7,12,7,5,7,12
34,3,7,34,3,7
66,3,23,8,3,25,3,29,66,3,23,8,3,25,3,29
4,65,7,4,40,4,3,4,65,7,4,40,4,3
1,7,80,81,80,1,7,80,81,80
49,7,12,5,47,46,20,55,7,49,7,12,5,47,46,20,55,7
5,7,5,7,5,7,5,7,5,7,5,7
46,34,80,17,44,46,34,80,17,44
7,44,40,17,6,17,7,44,40,17,6,17
5,7,16,5,7,16
7,44,7,44
7,5,7,5
15,75,33,31,7,15,75,33,31,7
51,49,7,51,49,7
7,12,33,12,7,12,33,12
28,7,3,7,28,7,3,7
91,7,91,7,17,93,17,6,91,7,91,7,17,93,17,6
20,7,20,7
7,39,7,39
4,7,4,7
16,64,16,64
36,7,36,7,4,81,34,7,20,34,7,36,7,36,7,4,81,34,7,20,34,7
12,7,12,7,12,7,12,7
7,98,3,36,7,98,3,36,7
12,3,12,3
7,12,26,7,12,7,81,7,12,26,7,12,7,81,7
17,115,54,7,11,7,17,115,54,7,11,7
55,60,17,7,34,55,60,17,7,34
25,64,13,23,25,64,13,23
7,5,7,69,7,5,7,69,7
104,20,10,62,10,104,20,10,62,10
78,91,4,7,78,91,4,7
7,51,7,1,7,51,7,1
4,81,4,81
5,33,7,12,7,17,6,17,12,5,7,5,55,5,33,7,12,7,17,6,17,12,5,7,5,55
62,61,62,61
7,53,7,1,2,5,7,12,7,53,7,1,2,5,7,12,7
51,7,51,7
7,74,7,74
1,20,7,1,20,7
5,7,5,7
10,15,10,15
7,57,6,17,7,57,6,17
34,7,6,7,5,34,7,34,7,6,7,5,34,7
7,4,7,4
81,38,81,38
5,7,5,7
4,7,66,32,4,7,66,32
65,5,3,65,5,3
37,23,99,35,56,99,23,37,23,99,35,56,99,23
5,4,5,7,5,4,5,7
15,7,91,7,37,7,37,7,15,7,91,7,37,7,37,7
62,7,12,33,24,12,7,34,7,12,7,12,7,4,7,12,7,62,7,12,33,24,12,7,34,7,12,7,12,7,4,7,12,7
4,81,4,81
28,25,28,25
43,42,43,38,68,38,15,68,60,64,60,43,42,43,38,68,38,15,68,60,64,60
17,13,5,17,13,5,17
5,7,5,7
7,26,7,26,7
12,4,12,49,2,4,2,12,4,12,49,2,4,2
7,1,7,1
17,10,6,17,10,6
85,33,85,33
15,28,23,15,19,7,27,7,15,28,23,15,19,7,27,7
36,7,55,36,7,55
98,5,7,98,5,98,4,98,5,98,5,7,98,5,98,4,98,5
81,91,81,91
7,39,7,39
22,10,22,10
7,5,7,5
4,7,4,7
34,14,34,14
12,7,6,7,12,7,6,12,7,12,7,6,7,12,7,6,12,7
17,6,60,15,57,17,6,60,15,57
7,75,7,75,7
7,44,55,7,44,55
7,39,7,39,7
12,7,12,7
12,5,42,12,5,42
36,7,37,7,52,15,36,7,37,7,52,15
7,12,5,7,12,5
5,39,5,39,5,7,5,7,5,39,5,39,5,7,5,7
8,23,17,23,17,23,17,76,23,8,23,17,23,17,23,17,76,23
39,7,39,7
36,7,12,7,36,7,12,7
7,23,7,23,15,20,23,20,64,7,23,7,23,15,20,23,20,64
36,7,36,44,36,7,36,44
9,51,9,51
7,17,43,60,7,17,43,60
5,7,5,12,7,5,12,7,12,5,7,5,12,7,5,12,7,12
11,17,85,24,11,17,85,24
7,10,17,117,6,89,12,10,7,10,17,117,6,89,12,10,7
71,7,71,7
3,23,3,23
4,37,4,37
52,65,52,65
7,35,7,35
17,6,96,17,10,57,40,76,17,6,96,17,10,57,40,76
7,12,7,12
59,116,70,7,70,61,105,26,70,59,116,70,7,70,61,105,26,70
7,3,7,3,2,17,7,3,7,3,2,17
7,6,7,6
20,15,20,97,20,15,20,97
7,2,32,111,59,70,55,62,34,2,78,17,44,7,2,32,111,59,70,55,62,34,2,78,17,44
5,7,5,7,5
16,5,12,37,12,7,16,5,12,37,12,7
52,12,62,52,12,62
7,5,7,5,7
18,51,7,18,51,7
96,2,96,2
7,35,7,35
7,55,7,55
39,31,39,31
33,34,7,11,34,33,34,7,11,34
17,4,49,17,4,49
15,52,15,52
7,61,12,7,61,12
57,20,11,42,11,53,88,53,4,15,57,20,11,42,11,53,88,53,4,15
7,15,7,15
7,92,15,20,92,7,92,15,20,92
3,7,4,7,47,12,3,7,4,7,47,12
7,3,7,5,7,3,7,5,7
7,39,7,39,75,39,7,3,7,39,7,39,75,39,7,3
7,34,7,34
7,20,62,7,20,62
12,51,75,28,12,51,75,28
7,20,34,7,20,34
65,7,65,7
7,4,7,4
7,15,70,7,15,70
81,52,5,52,81,52,5,52
4,17,4,17
4,34,7,34,4,30,4,34,7,34,4,30,4
7,37,7,37,7,37,7,37,7,37,7,37,7
7,66,7,66,7
3,60,3,7,15,7,60,15,60,7,3,60,3,7,15,7,60,15,60,7
39,31,51,7,39,31,51,7
12,7,12,7
78,7,78,7
111,20,111,20,111,20,111,20
34,4,34,4
3,33,3,33
20,15,20,15,62,20,15,20,15,62,20
3,39,4,34,3,34,3,39,4,34,3,34,3
61,7,61,7,5,7,61,7,61,7,5,7
7,3,7,3,7
7,2,7,2,7
10,70,10,62,10,7,10,70,10,62,10,7
13,12,13,12
7,35,7,35
7,37,7,37,7
3,62,15,3,62,15,3
19,32,19,32
33,101,75,73,14,74,33,101,75,73,14,74
7,12,7,12
2,7,2,7,2,7,2,7,2
17,7,17,7
7,31,51,7,39,51,7,31,51,7,39,51
56,12,56,12
7,31,7,31
7,15,1,7,15,1
5,4,5,4
38,29,38,29
15,8,15,8,15
5,7,5,7,5
12,3,5,12,7,12,7,12,3,5,12,7,12,7,12
7,71,44,36,50,7,71,44,36,50
5,7,5,7
17,5,4,17,5,4
15,49,31,33,24,15,49,31,33,24
5,3,5,7,5,3,5,7
7,44,7,12,7,44,7,12,7
7,27,7,27,7,27,7,27,7,27,7,27
7,12,7,12,7,12,7,12
7,4,7,4
7,4,7,4
7,39,7,39,7
23,10,23,10
44,23,82,35,44,23,82,35
12,5,12,64,12,5,12,64
23,7,23,62,23,7,23,62
7,5,3,7,3,7,12,7,5,3,7,3,7,12
20,23,20,23,20
45,12,7,12,7,34,12,7,12,10,12,45,12,7,12,7,34,12,7,12,10,12
7,38,7,38
3,7,3,7
7,4,7,4
51,39,4,39,51,39,4,39
39,51,3,39,51,3
7,6,7,6,7
7,71,7,71
77,84,4,77,87,80,7,3,77,84,4,77,87,80,7,3
7,5,7,5,7
3,36,7,59,17,52,55,3,36,7,59,17,52,55
7,5,7,5,7,5,7,5,7
52,17,7,28,7,52,17,7,28,7
20,23,20,23
12,10,12,10,12
7,29,5,7,29,5
7,12,3,7,12,3
126,39,4,126,39,4
4,5,3,7,4,31,33,4,3,4,3,4,5,3,7,4,31,33,4,3,4,3
37,7,37,7
20,23,68,20,3,20,3,20,23,68,20,3,20,3
7,100,7,100
7,40,7,39,7,40,7,39
49,51,49,51
32,97,32,52,7,32,97,32,52,7
56,95,91,22,30,7,5,7,56,95,91,22,30,7,5,7
7,52,7,52
3,44,3,64,3,44,3,64
92,7,92,7
39,33,7,12,39,40,39,33,7,12,39,40,39
5,7,18,7,5,7,18,7
49,17,7,31,86,4,49,17,7,31,86,4
7,15,7,15
12,69,6,7,10,11,44,10,11,10,11,17,6,17,6,102,12,69,6,7,10,11,44,10,11,10,11,17,6,17,6,102
64,15,64,15
49,7,49,7
7,12,7,20,39,51,7,12,7,20,39,51
7,15,7,15
5,7,5,7
59,36,7,36,7,59,36,7,36,7
7,5,7,5
34,7,37,5,74,65,7,34,7,37,5,74,65,7
20,62,2,20,62,2
37,7,37,7
13,4,38,3,32,23,13,4,38,3,32,23
12,7,12,7,12,7,12,7
17,42,17,42
7,85,7,85,7
31,33,31,33,31
51,7,51,4,51,3,51,7,51,4,51,3
7,17,7,12,7,17,7,12,7
7,5,7,5
34,14,87,84,14,34,14,87,84,14
12,7,12,7,12
81,4,81,4
7,91,7,85,7,91,7,85
4,7,4,23,20,23,4,7,4,23,20,23
39,52,39,52
7,4,7,4
7,103,7,103
53,10,53,10
7,5,7,5
12,7,12,7
6,7,5,23,7,3,5,6,7,5,23,7,3,5
7,67,7,67
42,60,20,15,65,42,60,20,15,65
20,66,25,66,25,20,66,25,66,25,20
7,12,7,3,7,12,7,3,7
66,7,60,64,60,7,5,12,7,12,17,66,7,60,64,60,7,5,12,7,12,17
31,49,33,34,31,49,33,34
38,7,28,7,18,7,38,7,28,7,18,7
39,40,3,4,7,39,40,3,4,7
7,12,52,81,4,7,12,52,81,4,7
7,17,31,7,17,31
7,3,7,3
7,6,7,4,7,6,7,4,7
36,7,36,7
6,17,6,17,6,17,6,17,6,17,6,17,6,17,6,17,18,10,18,6,17,6,17,6,17,6,17,6,17,6,17,6,17,6,17,18,10,18
23,8,23,7,8,23,8,23,7,8
7,12,5,7,12,5
7,27,62,7,27,62
16,33,16,33
4,3,4,3
7,3,7,3,7
7,100,7,100
20,5,20,5
12,7,12,7
7,4,27,12,27,7,4,27,12,27
15,65,2,35,15,65,2,35
5,7,37,98,5,7,37,98,5
7,15,7,15,7,15,7,15,7
7,37,7,37,7,37,7,37,7,37,7,37,7
59,33,59,33
108,66,108,66
3,62,34,3,62,34
38,5,53,38,5,53
55,2,55,2
56,39,22,34,5,56,39,22,34,5
5,7,5,7,5,12,10,34,5,7,5,7,5,12,10,34
65,8,11,65,8,11
7,3,7,3
39,7,85,39,7,85
7,26,92,59,7,26,92,59
99,8,99,8
42,7,42,7
7,34,7,34
91,18,91,18
7,104,7,104
38,10,38,10
65,12,65,12
23,46,23,46
111,20,111,20
64,7,12,5,12,7,12,7,12,64,7,12,5,12,7,12,7,12
3,12,3,12
44,7,6,7,67,7,127,44,7,44,7,6,7,67,7,127,44,7
4,37,5,7,4,37,5,7
5,3,5,3
4,7,4,7
34,7,14,73,80,34,7,14,73,80
25,34,10,25,49,25,34,10,25,49
15,7,15,7
7,17,7,17
4,37,4,37
73,7,73,7
7,12,7,12,91,7,12,7,12,91,7
12,3,62,10,7,12,62,10,12,3,62,10,7,12,62,10
112,20,10,62,55,112,20,10,62,55
3,32,3,32
43,64,43,64
7,3,37,5,7,111,7,62,10,17,111,7,3,37,5,7,111,7,62,10,17,111
5,36,10,2,10,104,34,5,36,10,2,10,104,34
62,19,38,62,19,38,62
6,5,6,5
7,20,7,20
5,12,4,5,12,4
15,5,15,5
36,7,36,12,7,37,7,64,36,7,36,12,7,37,7,64
17,20,17,20
7,4,34,14,77,34,30,7,4,34,14,77,34,30
71,24,71,24
59,15,42,88,34,7,59,15,42,88,34,7
62,34,11,2,7,12,62,10,2,62,34,11,2,7,12,62,10,2
7,12,7,12
7,23,7,23
36,7,36,7
7,39,7,12,7,39,7,12
7,6,7,6
7,5,17,5,7,5,7,5,17,5,7,5
7,31,7,31,7
2,11,12,2,11,12,2
7,5,7,5,7
7,12,7,15,12,7,12,7,15,12,7
10,38,34,38,10,38,34,38
7,60,7,60
15,97,15,11,34,30,34,17,15,97,15,11,34,30,34,17
15,80,15,80,15
6,96,7,6,96,7
7,2,7,2,7
38,41,38,41
16,22,7,16,22,7
15,51,15,51
15,34,5,23,20,23,25,15,34,5,23,20,23,25
10,7,10,7
39,51,39,51,39
7,5,7,5
7,68,7,68,117,96,62,7,25,7,68,7,68,117,96,62,7,25
15,3,15,20,15,20,19,15,3,15,20,15,20,19
5,30,5,30
7,23,15,7,23,15
73,30,77,84,30,73,80,7,3,14,73,30,77,84,30,73,80,7,3,14
39,51,7,39,51,7
20,9,20,9
38,27,38,27
59,70,10,59,70,10
39,7,12,7,47,39,7,12,7,47,39
6,7,5,6,7,5
44,12,44,12
7,17,7,17,7
12,60,42,4,14,4,12,60,42,4,14,4
66,10,57,66,10,57
31,38,5,8,5,31,5,12,31,3,5,31,38,5,8,5,31,5,12,31,3,5,31
4,7,20,7,127,76,35,4,7,20,7,127,76,35
8,1,7,20,15,7,8,1,7,20,15,7
17,7,44,55,12,17,7,44,55,12
1,55,105,10,11,1,55,105,10,11
7,8,7,8
5,4,37,5,4,37
17,15,17,6,17,6,17,35,38,17,15,17,6,17,6,17,35,38
4,7,4,7
7,5,7,5
12,33,12,33
7,15,7,15,7
7,15,7,15,7
49,12,40,24,49,12,40,24
17,31,75,17,31,75
7,33,39,7,33,39
23,3,7,23,3,7
81,4,37,7,55,15,23,42,88,23,49,30,3,81,4,37,7,55,15,23,42,88,23,49,30,3
8,12,8,44,57,8,12,8,44,57
5,21,91,3,20,5,21,91,3,20
5,7,5,7
12,43,12,61,1,12,43,12,61,1
7,92,5,7,92,5
28,5,28,5
7,51,7,51,7
62,20,23,62,20,23
7,60,36,7,85,7,60,36,7,85,7
39,7,39,7
7,3,20,83,7,5,7,3,20,83,7,5,7
17,5,17,5
59,7,35,59,7,35
3,15,3,15
15,37,15,37
18,7,20,25,7,18,7,20,25,7
7,5,7,5,7
4,5,4,34,4,5,4,34
5,12,7,5,12,7
3,7,3,7
36,7,5,7,40,7,36,7,5,7,40,7
7,23,7,23
41,2,41,2
3,15,20,49,89,3,15,20,49,89
17,7,12,17,7,12
24,73,7,24,73,7
7,37,7,37
7,6,17,102,44,69,7,6,17,102,44,69
7,63,7,4,5,7,65,5,7,63,7,4,5,7,65,5,7
16,15,16,15
36,3,36,3
3,7,59,57,25,3,7,59,57,25,3
12,7,12,7,12
7,12,7,12,39,51,7,12,7,12,39,51
7,5,12,3,30,7,5,12,3,30,7
7,12,7,12,7
8,16,8,16
39,33,6,17,6,17,6,102,39,33,6,17,6,17,6,102
7,12,5,7,12,5
7,17,7,17
37,34,91,100,37,34,91,100
31,101,31,101
7,36,7,36,7
7,4,20,7,4,20
7,4,7,4,7,4,7,4
7,14,77,27,7,14,77,27
81,17,35,81,17,35
7,44,86,69,7,44,86,69
7,34,4,30,34,18,28,4,7,34,4,30,34,18,28,4,7
7,12,7,12
15,9,29,104,82,7,15,9,29,104,82,7
111,49,111,49
4,7,4,7
7,12,7,39,7,5,7,12,7,39,7,5,7
7,4,7,4
32,7,17,6,17,32,7,17,6,17
5,7,5,7
7,81,14,7,81,14
7,20,7,20,54,7,20,7,20,54
15,1,15,1
15,20,7,15,20,7
28,82,7,43,7,28,82,7,43,7
7,61,7,61,7
7,88,15,7,38,7,88,15,7,38
7,23,7,23
7,20,7,20
7,3,111,7,63,7,3,7,3,111,7,63,7,3,7
20,40,76,20,40,76,20
7,12,5,7,12,5
7,5,7,5
29,36,28,18,28,18,29,36,28,18,28,18
8,17,8,17
5,3,34,44,5,47,7,86,5,3,34,44,5,47,7,86
6,7,6,7
7,5,7,12,7,5,7,12
7,4,7,4,7
3,7,3,7,3
12,6,17,6,12,5,12,6,17,6,12,5
18,7,3,7,18,7,3,7
20,3,7,20,3,7
7,5,7,5,7
7,37,4,7,37,4
21,45,21,45
99,17,99,17
31,5,31,5,31
5,12,5,12
52,65,7,52,65,7
7,23,7,23,7
7,15,7,15
81,7,81,23,37,2,81,7,81,23,37,2
7,12,62,4,7,12,62,4
64,7,64,7
54,7,54,7
17,7,34,10,12,7,17,7,34,10,12,7
58,55,58,55
54,7,20,7,54,7,20,7
13,7,13,7
15,60,5,15,60,5
81,34,7,34,7,34,7,34,7,81,34,7,34,7,34,7,34,7
5,4,5,4,5,4,5,4
46,7,30,7,46,7,30,7
23,20,23,16,23,20,23,16
5,100,5,100,5,100,5,100
95,5,7,95,5,7
7,3,5,7,3,5
111,97,111,97
23,15,23,15,23
7,3,7,3,7
7,12,7,12
12,7,12,7,26,91,12,6,12,7,12,7,26,91,12,6
10,59,10,59
64,7,64,7
7,65,7,65
5,101,5,101
7,28,7,28
7,4,7,17,7,44,7,4,7,17,7,44
15,23,51,15,23,51
23,5,23,5
38,12,38,12
39,7,12,6,17,6,12,4,7,39,7,12,6,17,6,12,4,7
5,7,91,27,5,7,91,27
4,11,4,7,4,11,4,7,4
6,28,7,6,28,7
7,12,7,12,7
15,25,88,15,25,88
7,15,7,15,7
20,83,20,49,20,83,20,49
34,44,40,34,44,40
7,15,7,15
16,7,16,7
7,6,44,6,44,6,7,25,7,6,44,6,44,6,7,25,7
7,12,7,12,7,12,7,12
7,5,7,5
73,30,47,5,7,14,73,30,47,5,7,14
5,7,37,7,37,7,37,7,4,7,5,7,37,7,37,7,37,7,4,7
17,6,18,28,17,6,18,28
4,7,4,7
4,7,6,23,47,4,7,6,23,47
68,12,64,5,68,12,64,5
7,6,34,7,6,7,44,7,6,34,7,6,7,44
36,38,42,11,36,38,42,11
26,17,26,17
7,36,7,36,7
7,51,7,51,7
3,7,6,17,63,3,7,6,17,63
68,44,68,44
7,92,20,7,92,20
3,39,3,39
8,1,25,1,25,8,1,25,1,25
45,7,55,45,92,45,7,55,45,92
5,7,5,100,81,5,7,5,100,81
7,71,7,71
7,20,64,20,42,20,64,88,15,66,7,20,64,20,42,20,64,88,15,66,7
7,33,7,6,104,17,12,7,33,7,6,104,17,12
33,75,33,26,33,75,33,26
10,57,28,10,57,28,10
7,12,23,20,7,12,23,20,7
12,49,19,104,6,100,43,12,49,19,104,6,100,43
49,3,17,49,3,17
39,71,39,71
15,34,15,6,15,34,15,6
15,7,15,7,15,7,15,7
39,12,39,12
7,5,7,5,7
100,15,100,15
7,12,7,39,7,12,7,39
4,7,4,7
7,17,12,7,17,12
3,34,15,3,7,81,3,34,15,3,7,81,3
7,17,6,17,67,42,7,17,6,17,67,42
15,7,15,7
7,17,7,17,7
5,12,5,12
39,7,39,7,39
1,23,1,23,1,19,3,1,23,1,23,1,19,3
7,5,7,5,7
3,91,3,91
7,3,32,7,3,32,7
57,44,57,44
10,62,2,10,2,62,3,8,10,62,2,10,2,62,3,8
13,103,13,103
12,7,12,7
25,39,25,39
104,10,35,10,7,104,10,35,10,7
3,31,33,31,3,31,33,31
55,13,55,13
89,15,89,15
7,51,53,40,6,44,7,51,53,40,6,44
4,49,6,12,7,4,91,4,49,6,12,7,4,91
4,7,4,7
3,17,3,17
7,18,7,18,7
39,31,11,39,31,11
7,28,4,52,7,28,4,52
7,49,7,49
4,81,4,81
4,3,81,100,14,4,3,81,100,14
7,25,7,25
7,3,7,3,7
20,17,40,20,17,40
4,7,4,7
7,12,7,36,7,12,7,36,7
11,4,17,62,2,11,4,17,62,2
7,5,7,5,7
81,7,81,7
20,68,25,20,68,25,20
23,38,7,38,15,23,38,7,38,15
71,7,71,7
7,5,7,5
7,109,70,7,109,70
5,98,20,5,12,5,17,4,49,5,98,20,5,12,5,17,4,49
44,7,44,7
3,81,13,3,6,52,3,17,3,81,13,3,6,52,3,17
39,51,39,51,39
59,70,59,70
4,49,12,91,98,17,4,49,12,91,98,17
5,12,7,12,7,8,7,8,7,5,12,7,12,7,8,7,8,7
6,12,6,12,6,5,12,7,6,12,6,12,6,5,12,7
6,7,5,3,2,7,6,7,5,3,2,7
5,45,5,45
5,7,5,65,5,65,7,5,7,5,65,5,65,7
4,47,4,5,2,34,7,5,7,4,47,4,5,2,34,7,5,7
51,39,51,39,51,39,51,39,51,39,51,39,51,39,51,39,51,39,51,39,51,39,51,39,51
43,39,43,39,7,43,39,43,39,7
7,36,7,36,7
62,10,62,10,62
51,39,51,39
61,7,61,7
5,7,5,7,5
11,37,55,11,37,55
73,14,73,14
23,68,23,68
7,12,7,12,7
3,5,3,5,3
12,52,65,7,5,7,12,52,65,7,5,7
17,12,7,17,12,7
7,20,5,20,10,7,20,5,20,10
12,7,12,7,12,7,12,7,12
34,18,28,15,16,28,18,7,12,7,34,18,28,15,16,28,18,7,12,7
82,23,20,7,82,23,20,7
7,9,15,9,7,9,15,9
7,28,7,28
57,11,57,11
28,17,10,3,28,17,10,3
7,23,7,23
39,4,78,39,4,78,39
15,3,15,49,20,31,15,3,15,49,20,31
39,51,31,39,51,31
34,35,34,35
7,60,7,60,7,2,7,37,7,60,7,60,7,2,7,37
8,43,8,43,8
5,62,5,62
3,7,3,7,3
7,20,7,20,7
7,12,7,12
7,12,52,5,7,42,7,12,52,5,7,42,7
33,93,31,34,33,93,31,34
52,7,25,52,7,25
39,28,39,28
60,13,60,15,13,9,13,25,7,21,60,13,60,15,13,9,13,25,7,21
7,5,7,5,7
7,5,7,12,7,5,7,12,7
3,74,3,74
7,25,7,25
7,10,62,81,7,10,62,81
12,31,7,12,7,89,7,12,31,7,12,7,89,7
20,25,62,20,25,62
7,28,18,7,28,18
4,7,4,7,4,7,4,7
23,66,23,66
51,2,10,39,51,2,10,39
30,7,30,7
15,7,15,17,15,7,15,17
7,12,7,12,20,7,12,7,12,20
7,33,15,7,33,15
7,5,7,5
37,7,37,7
13,103,57,104,57,28,7,3,13,103,57,104,57,28,7,3
42,88,42,88
7,33,7,33,7
7,23,7,23,7
7,10,7,10
7,4,3,7,4,3
7,20,7,20,7
91,3,7,25,7,91,3,7,25,7
7,4,7,4
52,18,23,52,18,23
7,36,12,7,36,12
7,35,7,35
7,5,12,5,7,12,5,7,5,12,5,7,12,5
20,15,20,15
7,39,7,39
49,34,3,20,49,34,3,20
7,5,7,5,7,5,7,5,7
28,7,39,7,28,7,39,7
91,100,91,100
7,12,7,12,7
81,7,81,7
17,7,81,17,7,81
7,20,7,20,7
36,3,7,3,7,36,3,7,3,7
7,25,43,25,7,25,43,25
7,4,5,4,7,4,5,4
15,59,15,59,15
7,5,7,5,7,5,25,7,5,7,5,7,5,25
23,7,23,7
7,6,7,6,7
45,7,45,7,45,7,45,7
7,12,7,3,12,3,23,7,37,4,7,3,7,12,7,3,12,3,23,7,37,4,7,3
11,57,44,64,25,34,57,62,34,11,57,44,64,25,34,57,62,34
67,44,67,44
41,7,51,39,7,51,7,41,7,51,39,7,51,7
7,10,38,7,10,38
52,7,52,7
7,12,7,12
49,4,3,4,37,7,51,15,49,4,3,4,37,7,51,15
7,23,7,23
73,12,73,5,73,87,73,7,87,7,87,77,73,12,73,5,73,87,73,7,87,7,87,77
7,57,7,12,11,7,57,7,12,11
7,33,7,33,7
7,37,7,36,7,12,7,37,7,36,7,12,7
99,22,99,22,99
7,10,70,59,70,59,7,10,70,59,70,59
10,7,10,57,111,10,7,10,57,111
7,36,3,7,36,3
23,7,36,5,23,7,36,5
7,5,7,5
7,6,7,6,7
7,10,3,7,20,7,10,3,7,20
5,52,5,12,5,52,5,12
62,7,62,20,62,7,62,20
23,7,23,7,2,23,7,23,7,2
7,4,7,4,7
12,89,49,12,89,49
7,42,7,25,42,25,42,3,7,42,7,25,42,25,42,3
20,10,20,10
19,105,46,7,19,7,34,19,105,46,7,19,7,34
7,37,7,37,7
7,23,32,23,37,7,23,32,23,37
89,7,89,7
75,7,33,26,75,7,33,26
64,36,7,64,36,7
7,5,7,5
23,7,23,7
7,3,81,7,3,7,3,81,7,3
7,8,7,8,20,7,8,7,8,20
6,96,9,20,49,12,6,96,9,20,49,12
117,34,11,117,34,11
4,15,7,4,3,4,15,7,4,3,4
91,4,30,5,91,4,30,5
7,12,7,12,7
25,63,7,25,63,7
37,7,3,2,7,37,7,37,7,3,2,7,37,7
17,44,17,44
13,25,103,49,13,25,103,49
31,20,83,26,20,7,44,65,31,20,83,26,20,7,44,65
7,5,7,39,51,39,51,39,7,5,7,39,51,39,51,39
7,4,12,7,4,7,4,12,7,4
20,111,7,44,51,20,111,7,44,51
63,69,63,7,5,7,36,49,12,89,7,63,69,63,7,5,7,36,49,12,89,7
12,3,12,3
7,43,6,8,43,7,43,6,8,43
7,5,12,5,7,5,7,5,12,5,7,5
101,91,99,101,91,99
7,36,7,36
12,10,12,10
89,12,17,6,2,89,49,27,12,89,12,17,6,2,89,49,27,12,89
7,43,7,43,7
35,7,49,5,35,7,49,5
12,3,12,3
6,4,6,4
7,5,7,5,7
68,25,9,64,25,68,25,9,64,25
7,92,7,92
65,7,36,7,12,65,7,36,7,12
20,111,39,20,111,39
2,62,10,62,88,39,7,2,62,10,62,88,39,7
37,7,37,7,37,7,37,7,37
6,7,34,4,34,4,6,7,34,4,34,4
66,111,66,111,32,66,111,66,111,32,66
1,46,1,46
7,39,7,3,7,39,7,3,7
5,7,12,7,2,5,7,12,7,2
7,12,34,7,12,34
7,4,3,66,3,7,4,3,66,3,7
25,4,25,4
7,5,7,5
2,34,7,34,7,2,34,7,34,7
17,7,38,55,17,7,38,55
59,70,59,70,59
12,7,12,7,5,7,12,7,12,7,5,7
26,57,7,20,60,20,26,57,7,20,60,20
7,3,7,97,7,3,7,97
28,20,28,20
25,42,7,25,42,7
12,31,12,31
15,83,20,24,31,71,15,83,20,24,31,71
7,12,7,12
7,81,7,81
7,39,31,51,6,17,6,7,39,31,51,6,17,6
7,5,7,5,7
7,4,7,4
64,5,64,5
6,7,3,7,6,7,3,7
7,121,7,121
7,17,7,68,7,17,7,68,7
20,7,20,7
7,17,7,12,7,12,7,17,7,12,7,12
7,12,7,12
7,92,7,92
11,56,11,56
38,49,38,49
12,7,12,7
17,6,17,6
36,12,7,12,7,36,12,7,12,7
12,7,12,7
7,64,7,64,7
7,12,7,12,7
7,95,7,95,7,95,7,95
7,23,35,7,23,35
7,6,7,6,7
6,103,6,103
12,51,37,33,7,5,12,51,37,33,7,5
12,23,20,23,7,12,7,20,7,59,11,12,23,20,23,7,12,7,20,7,59,11
15,3,15,3,15
4,2,4,2,4
53,78,26,7,81,53,78,26,7,81
7,3,12,7,3,12,7
7,4,7,81,7,4,44,7,4,7,4,7,81,7,4,44,7,4
12,7,19,61,10,43,71,12,7,19,61,10,43,71
7,12,7,12,7
33,7,33,7,33
34,91,34,91,34
7,4,7,81,7,4,7,81
15,83,33,75,101,39,75,33,67,44,15,83,33,75,101,39,75,33,67,44
57,55,57,55
81,79,120,79,120,103,7,81,79,120,79,120,103,7
68,23,68,23
25,59,53,25,59,53
65,52,7,52,65,52,7,52,65
7,8,7,8,7
17,6,17,2,17,6,17,2
12,3,12,3
31,3,31,3
3,1,7,3,1,7
12,5,17,12,5,17
62,11,62,11
71,7,71,7
1,37,1,37
7,5,7,17,7,5,7,17
12,7,12,7,12,7,12,7
12,99,12,99
3,7,37,7,3,7,37,7
120,7,120,7
6,69,6,69
68,60,23,37,23,62,37,68,60,23,37,23,62,37
46,68,46,68
7,104,5,53,5,37,49,55,5,16,15,7,104,5,53,5,37,49,55,5,16,15,7
39,111,39,111
17,36,7,36,7,17,36,7,36,7
2,7,2,7,2,7,2,7
7,17,7,17,7
120,53,120,53
4,23,17,38,4,23,17,38
7,36,7,12,7,36,7,12,7
5,36,7,5,36,7
17,6,17,67,17,6,17,67,17
15,7,15,7
20,7,20,7
7,5,7,5,7
12,20,64,20,12,20,64,20
22,20,111,22,20,111
7,53,7,43,7,15,12,7,53,7,43,7,15,12
7,62,7,62
17,43,7,53,59,17,43,7,53,59
7,17,6,7,17,6,7
12,37,4,12,37,4
17,11,6,17,63,17,6,4,17,11,6,17,63,17,6,4,17
3,23,20,92,7,92,10,92,10,3,23,20,92,7,92,10,92,10
7,2,20,12,7,2,20,12,7
9,103,9,103,9,5,9,103,9,103,9,5
23,91,5,23,91,5
7,62,7,62,7
59,17,59,17
5,25,17,5,25,17
66,32,66,32
3,7,3,7
5,7,14,73,5,7,14,73
66,7,66,7
81,20,34,20,34,20,81,20,34,20,34,20
89,12,7,89,12,7
7,17,7,17
11,57,11,57
38,17,6,2,10,2,10,2,38,17,6,2,10,2,10,2
12,10,12,10
38,17,38,17
7,68,7,34,7,68,7,34,7
7,5,7,5
3,23,3,20,3,23,3,20,3
7,5,7,5,7,5,7,5,7,5,7,5,7,5,7,5,7,5,7,5
7,5,7,33,4,7,39,36,3,7,5,7,33,4,7,39,36,3,7
38,44,31,98,38,44,31,98
7,12,7,12,7,12,7,12,7,12,7,12,7
23,68,7,23,7,1,12,3,5,23,68,7,23,7,1,12,3,5
5,14,5,14
100,5,4,5,7,5,7,100,5,4,5,7,5,7
80,60,7,3,78,7,80,60,7,3,78,7
64,15,64,15
12,98,78,12,98,78
3,6,7,3,6,7,3
3,39,51,33,39,51,7,3,7,3,39,51,33,39,51,7,3,7
82,7,38,82,7,38
37,7,37,7
57,26,57,26
23,12,105,55,105,23,12,105,55,105
7,43,60,45,43,64,1,7,43,60,45,43,64,1
23,52,7,113,23,52,7,113
7,12,32,7,33,7,12,32,7,33
3,7,3,7
7,5,7,5
8,43,8,43
104,82,104,7,104,82,104,7
12,36,7,10,23,20,23,12,36,7,10,23,20,23
98,15,98,15
37,5,7,12,7,98,5,37,5,7,12,7,98,5
24,15,24,15
18,39,7,18,39,7
81,7,3,81,7,3
25,13,7,57,7,3,25,13,7,57,7,3
7,23,16,7,23,16
39,49,5,7,44,39,49,5,7,44
23,25,23,25
6,12,6,12,6
3,20,3,20
5,62,5,7,5,62,5,7
23,13,68,45,23,13,68,45
63,17,63,17
5,90,12,51,33,51,87,73,68,46,5,90,12,51,33,51,87,73,68,46,5
7,98,5,7,98,5,7
12,7,12,7
7,3,7,3,7
7,80,7,80
34,7,34,7
37,34,37,34
12,10,33,20,12,10,33,20
44,63,44,63
12,5,12,5
4,90,49,4,90,49
3,7,27,3,7,27
62,20,23,62,20,23
14,77,14,30,73,34,14,77,14,30,73,34
91,44,86,91,44,86
7,44,20,7,44,20
4,7,34,3,4,7,34,3
17,49,67,17,53,17,49,67,17,53
46,34,46,34
7,12,52,7,12,52,7
104,23,20,104,23,20
17,7,5,17,7,5
35,29,35,29,35
20,17,6,17,6,17,20,17,6,17,6,17
7,5,7,5,7
53,26,31,59,53,26,31,59,53
51,31,24,33,31,49,39,31,49,51,31,24,33,31,49,39,31,49
7,59,98,7,59,98
23,7,23,7
36,17,55,36,17,55
7,32,7,33,10,7,32,7,33,10
7,69,44,96,6,55,7,69,44,96,6,55
7,12,7,28,71,7,71,7,12,7,28,71,7,71
26,23,26,23
4,36,7,4,36,7,4
12,78,43,12,78,43,12
89,44,63,105,44,7,17,7,23,12,7,89,44,63,105,44,7,17,7,23,12,7
6,35,17,35,17,6,44,6,35,17,35,17,6,44
7,5,7,52,7,6,52,31,5,52,7,12,7,5,7,52,7,6,52,31,5,52,7,12
12,23,12,17,6,12,23,12,17,6
38,7,100,38,7,100
3,58,7,3,58,7
7,5,7,5
12,5,12,5
36,46,5,46,7,3,36,46,5,46,7,3
7,3,7,3
104,92,104,92
51,17,51,17
6,7,6,7
36,7,64,8,7,8,36,7,64,8,7,8
7,5,7,5,7
7,12,97,6,97,6,5,7,12,97,6,97,6,5
7,5,12,7,5,12,7
15,7,15,7,15,7,15,7,15,7,15,7
4,73,49,7,78,4,73,49,7,78
7,111,7,111
7,3,7,3
4,68,10,4,68,10
20,97,20,97
38,43,38,43
19,20,32,56,28,3,19,20,32,56,28,3
20,12,5,15,20,12,5,15
7,17,7,17
51,12,51,12
91,23,20,23,20,7,37,34,91,23,20,23,20,7,37,34
12,7,5,7,5,7,5,12,5,12,7,5,7,5,7,5,12,5
36,7,20,36,7,20
15,42,8,7,23,15,42,8,7,23,15
7,17,7,17,7
16,28,7,28,18,16,28,7,28,18
17,20,17,20
5,7,5,7,5,7,5,7
7,44,63,17,7,44,63,17
20,7,3,37,7,20,7,3,37,7
81,12,81,4,7,81,20,12,81,12,81,4,7,81,20,12
82,104,49,82,104,49
16,38,16,23,16,38,16,23
33,24,85,7,33,24,85,7
9,20,64,9,20,64
15,17,11,34,11,34,10,2,15,17,11,34,11,34,10,2
31,43,31,43,31
5,7,5,7
25,35,25,35
37,4,37,4
97,43,9,3,97,43,9,3
36,12,33,36,12,33
5,40,6,7,5,40,6,7
124,7,52,7,124,7,52,7
51,39,51,7,51,39,51,7
15,7,15,53,81,15,7,15,53,81,15
7,44,49,60,49,7,44,49,60,49
7,12,15,17,44,7,12,15,17,44
23,4,23,4
55,17,55,17
113,52,17,113,52,17
5,7,5,7
38,20,2,57,20,111,103,111,38,20,2,57,20,111,103,111
96,17,6,17,96,17,6,17
7,12,7,12,7
7,5,7,5
67,18,28,67,18,28
7,15,7,15
7,5,7,5
5,12,5,12,5
7,70,18,7,18,7,70,18,7,18
42,17,42,17
34,15,42,34,15,42
23,7,5,23,7,5
53,6,17,6,23,53,6,17,6,23
38,17,49,38,17,49
51,7,12,7,51,7,12,7
7,6,4,7,4,7,6,4,7,4
7,44,76,108,7,44,76,108
7,30,7,30,7
37,5,7,37,5,7
1,7,37,7,1,7,37,7
7,31,7,31
3,12,3,12
88,7,12,37,12,37,12,7,12,7,37,12,37,7,37,12,7,37,16,15,12,88,7,12,37,12,37,12,7,12,7,37,12,37,7,37,12,7,37,16,15,12
