1,2,3,4,5,6,7,8,9,10,11,2,3,12,13,14,2,3,15,16,8,17,18,2,3,19,20,21,4,5,22,23,24,25,26,13,14,27,25,28,29,30,31,32,33,34,33,35,5,36,37,38,8,39,2,3,8,40,41,42,4,5,43,44,45,46,47,48,49,50,2,3,51,52,53,50,45,54,46,55,56,57,2,3,2,3,58,59,39,60,61,62,63,64,65,9,66,2,3,9,67,68,4,5,65,47,48,69,8,70,22,2,3,19,71,72,23,73,74,2,3,75,23,76,4,5,13,77,27,78,79,80,81,82,2,3,25,82,8,12,83,25,84,78,85,86,81,87,54,88,89,90,4,5,91,72,92,23,39
105,48,240,241,191,242,243,244,245,246,247,154,248,209,9,244,42,249,143,250,247,251,9,252,83,48,118,251,143,250,253,254,244,78,255,256,45,209,257,258,256,143,250,251,257,259,146,260,261,118,262,263,244,209,257,36,264,124,265,256,45,259,86,15,262,118,266,118,256,45,209,257,249,263,244,230,265,267,268,118,266,118,256,45,3,209,257,249,263,244,51,265,267,268,118,269,249,23,201,270,110,249,248,209,271,272,273,274,275,114,135,276,234,271,272,128,277,257,267,268,114,251,143,250,278,114,207,267,268,114,259,279,245,280,234,244,115,118,226,114,281,282
9,209,283,3,284,285,209,257,286,209,31,287,288,289,207,290,291,292,2,3,105,48,240,209,39,293,39,294,206,259,48,118,209,39,38,294,240,115,225,216,209,39,153,198,295,225,296,289,219,294,240,176,118,141,39,297,48,118,216,267,268,84,213,141,39,114,48,298,114,259,13,201,248,209,299,300,301,48,201,209,9,302,303,304
480,60,387,247,48,335,3,442,215,481,335,432,132,438,454,39,75,30,480,379,477,442,39,226,162,90,138,64,482,263,268,442,483,335,451,257,108,484,485,105,448,55,486,108,484,482,487,39,321,413,230,488,365,84,489,221,490,344,275,39,110,115,132,438,432,117,491,492,262,8,357,358,337,432,39,75,78,387,171,162,90,442,215,493,146,494,442,39,494,495,441,250,496,318,497,82,498,64,499,500,501,335,353,3,502,318,230,48,502,12,259,82,502,216,39,173,503,357,358,353,3,39,149,482,337,432,221,343,138,504,353,3,505,9,506,19,507,234,335,335,353,432,3,344
317,9,3,608,609,610,611,25,524,611,598,201,612,286,609,613,608,115,267,608,609,612,614,615,616,611,463,418,611,617,618,616,616,619,329,39,3,267,608,276,615,616,611,463,418,42,368,136,404,609,484,620,118,621,622,118,65,608,249,150,611,617,618,616,616,619
259,23,327,216,673,418,143,174,113,221,118,674,51,124,176,92,25,343,69,206,118,675,263,109,364,51,124,219,263,676,271,276,677,420,213,678,679,219,666,118,680,681,301,48,207,114,675,263,109,364,149,72,526,124,216,118,48,143,65,338,322,174,675,263,109,364,682,62,263,126,121,676,271,276,115,122,342,62,23,118
78,317,683,435,48,143,684,685,2,131,127,212,326,136,686,687,257,234,683,435,48,143,688,3,25,689,687,257,255,690,257,79,138,326,136,686,23,691,370,138,692,693,345,115,138,92,326,683,435,48,143,688,3,25
83,84,42,48,143,118,413,3,455,167,118,103,55,287,236,784,39,283,447,785,367,368,118,30,322,42,55,554,118,206,322,786,787,12,387,788,434,759,448,8,789,118,226,48,790,73,72,791,792,793,792,325,306,794,388,322,257,115,396,795,216,118
115,135,720,413,798,824,118,828,416,784,461,829,68,830,73,403,379,39,219,784,48,141,39,87,829,639,68,328,216,831,218,226,759,345,141,73,79,25,219,829,68,830,832,799,9,833,23,39,739,427,463,418,287,579,833,219,427,118,423,128,256,30,25,317,314,834,3,29,285,257,25,73,55,427
867,174,923,720,2,3,533,924,925,814,448,67,926,124,184,927,726,313,346,926,124,656,138,226,927,25,448,206,313,554,288,221,928,206,288,138,222,226,219,929,328,523,78,214,660,216,201,380,22,770,328,251,138
25,156,315,521,251,238,55,87,238,3,167,2,3,930,12,563,931,3,493,238,25,321,513,274,125,668,370,48,178,563,390,92,29,25,932,617,368,626,92,274,238,759,92,736,368,238,75,933,934,131,12,25,110,935,274,238,301,936,396,563,937,417,146,3,124,428,325,322,802,480,86,413,668,12,430,125,938,135,380,269,86,12,167,238,3,939,67,238,933,320,25,22,301,700,315,368,238,219,162,87,417,940,150,941,670,238,884,301,942,175,238,326,554,751,417,547,751,576,48,547,803,553,943,150,238,884,643,162,402,563,304,86,782,124,201,79,284,415,9,944,9,675,554,945,946,947
3,552,50,382,528,370,666,1150,15,124,276,105,169,1151,3,39,536,1121,54,121,337,751,528,463,921,124,201,390,210,110,1152,1153,1154,1155,716,912,387,347,970,995,39,458,3,1154,15,697,276,110,1156,86,39,951,563,265,1157,626,656,167,577,1158,345,120,544,1078,3,250,15,486,351,63,167,626,656,92,1159,3,588,8,357,31,728,1159,357,439,208,3,250,1160,409,3,1161,114,3,63,16,651,124,276,351,167,588,8,357,114,265,1162,1163,1164,39,3,167,535,74,1165,297,3,552,885,234,50,3,39,1166,430,125,773,528,370,465,347,970,995,39,1130,683,268,240,1061,1161,552,135,1151,39
105,12,597,509,322,146,175,1100,519,323,2,316,174,1100,175,227,62,207,387,218,1197,138,48,330,342,227,183,322,251,545,316,138,1006,463,153,597,509,82,322,316,1100,175,227,173,316,216,509,59,1198,1100,1199,227,278,153,287,643,128,355,355,1200,138,216,1100,175,1201,871,1100,216,227,249,509,45,227,342,79,201,1202,1203,1100,216,227,812,871,1100,175,227,482,544,61,477,234,111,42,368,355
317,8,9,261,140,346,1265,203,36,408,418,206,343,203,54,629,1265,1266,483,148,143,418,721,8,283,115,9,511,563,29,5,151,232,418,1267,605,346,36,485,62,8,318,151,1134,285,1268,484,29,5,1269,968,748,8,318,87,138,466,464,1270,151,420,213,146,1265,656,1121,1271,1272,1273,151,257,143,118,505,9,83,1205,270,39,1274,48,29,5
439,463,921,3,102,530,607,203,51,122,1437,62,411,530,1150,116,342,3,39,306,1208,873,167,122,122,346,939,292,1438,214,263,927,447,75,578,316,39,216,1439,1440,1006,859,410,250,554,951,287,51,122,1441,357,358,316,1442,115,1070,122,343,1006,1274,51,941,45,59,25,1134,51,122,313
14,78,62,230,261,408,382,977,1475,138,111,1476,707,882,874,201,1477,236,1317,323,1478,62,518,1475,234,368,323,652,382,977,464,727,138,62,230,977,656,711,1479,1204,113,1438,78,23,138,216,29,5,23,138,648,1150,1331,138,121,675,151,1480,577,607,694,796,138,675,62,231,741,158,173,342,39,231,115,138,180,1481,122,203,304,219,39,115,230,1482,131,125,111,598,1477,1483,623,436,117,53,1475,138
1495,277,62,1496,1264,187,124,1497,1498,25,86,171,486,1499,681,345,545,113,1150,537,1500,124,157,336,337,486,187,1501,124,1502,273,1089,275,124,1503,25,343,78,75,110,260,478,251,138,766,767,857,1062,124,157,138,216,787,8,1490,408,1263,127,1488,787,251,95,131,151,343,517,589,25,816,1082,401,146,669,109,39,115,1177,124,201,1323,703,187,954,952,235,354,114,15,16,3,76,138,326,357,358,153,879,466,62,63
255,293,294,3,39,115,293,259,48,143,118,216,263,143,1348,1121,143,138,141,521,215,67,251,174,326,653,284,285,257,105,294,240,15,65,3,39,219,198,216,39,206,669,296,289,198,690,1514,198,402,141,114,316,521,251
115,948,218,599,3,9,103,1575,143,264,121,604,225,1371,528,225,621,89,3,9,1229,683,311,257,3,446,1082,184,225,874,124,201,219,38,48,425,29,1068,257,874,153,1576,87,1577,221,289,276,802,213,225,226,342,1377,227,124,599,3,9,466,214,39,91,811,121,604,225,1371,528,948,38,251,39,176,141,379,18,124,201,225,662,1543,862,25,343,1578,221,289,31,1006,641,251,114
1215,425,38,153,834,3,39,655,15,838,285,499,227,86,446,545,964,531,499,884,587,22,48,935,231,39,1434,1601,348,1083,1013,552,227,1392,25,705,121,359,284,415,499,219,1602,1603,736,1604,515,227,380,22,39,418,400,514,108,109,16,120,9,64,245,27,357,289,276,1112,217,143,387,400,1534,108,109,118,297,417,418,400,514,786,132,328,345,1605,12,533,123,127,1605,511,1589,431,114,497,1534,1606,60,284,1607,1156,124,67,54,1602,231,1608,736,1604,402,552,227,91,964,284,415,552,446,1576,481,38,153
214,772,1310,772,1310,39,995,1310,746,143,460,772,1310,1006,1629,336,423,214,1310,429,738,460,257,1630,25,343,868,563,54,766,970,971,465,1310,329,1248,440,772,336,122,518,1014,653,127,716,29,25,562,204,301,772,486,448,45,450,641,151,343,219,283,425,772,1310,515,1061,772,1310,1296,1631,1632,127,716,29,25,402,48,347,772,1310,1633,372,25,1062,343,1634,110,772,1310,214,1001,1635,25,343,154,1332,1135,1310,252,343,368,772,1310,1310,173,1635,1498
567,9,1659,183,225,216,138,219,519,323,2,60,1660,1661,431,640,316,135,1100,1423,221,1006,357,358,153,121,1193,9,207,1662,214,1183,225,82,325,62,183,315,216,621,337,1663,1664,1563,933,214,73,265,1100,1563,12,104,233,206,301,342,1665,280,135,1666,1667,345,73,75,162,265,225,416,1668,150,621,150,1669,116,75,263,247,162,1202,355
3,15,16,125,372,1032,124,531,76,9,1715,537,12,123,187,124,566,759,108,1623,146,1188,751,112,25,252,1716,205,140,778,31,1362,866,1362,866,368,79,151,346,966,702,1032,124,121,151,1717,108,484,1718,304,1236,111,3,660,108,494,778,31,1362,866,83,78,317,1150,31,1362,866,1362,866,62,327,146,1268,484,226,201,1299,22,574,245,259,382,111,89,751,112,25,1228,387,82,111,3,660,216,245,326,1150,31,1362,866,652,337,1401,250,304,660,402,86,452,284,124
387,23,672,216,39,578,931,510,251,9,191,960,198,408,39,212,55,1628,116,1374,121,238,425,55,1038,24,198,1526,39,767,64,293,238,1723,301,64,315,238,364,249,662,280,238,185,323,257,276,1724,1368,149,550,578,201,390,128,73,219,931,225,1725,370,387,210,216,931,162,696,672,178,197,198,231,284,415,124,201,1726,519,607,334
25,343,318,2,3,39,533,675,443,1727,458,25,343,154,216,127,1599,153,219,1733,1252,1148,143,219,127,1734,1735,1526,388,528,1736,1737,1696,37,25,343,154,402,208,388,531,337,1575,388,387,544,287,875,25,343,67,51,25,36,1419,1738,1739,144,153,880,287,875,25,343,154,1335,15,36,680,837,56,292,2,3,424,1463,78,115,92,435,287,875,173,1290,42,153,368,3,39,184,1740,263,247,1228,115,1386,153,247,466,1741,435,343,1526,114,435,287,875,893,1742,344,138,728,287,875,25,343,1664,343,1526,153,247,1743,217,802,466,105,996,1252,1148,216,25,343,334,41,48,141,25,343,466,675,1727,25,343,154,247,287,264,108,124,27,1744,131,640,1727,153,118
141,398,138,1062,1035,121,547,382,528,463,921,355,535,1779,146,124,25,175,167,175,577,29,547,382,116,398,131,138,1006,479,1263,25,36,124,747,1492,9,22,921,124,1367,167,175,23,138,1077,141,568,284,415,1780,355,1781,1782
29,519,323,2,316,174,15,16,772,124,9,772,221,1386,304,219,183,251,347,1033,345,78,214,82,1052,971,39,51,29,316,460,257,167,766,214,138,429,151,588,9,626,151,588,9,511,1786,766,50,349,73,660,353,268,29,250,167,588,9,675,285,518,221,214,12,960,1106,221,301,1730,1106,288,231,115,138,301,342,1095,357,358,138,219,1787,1788
880,537,304,9,33,599,251,98,486,292,2,3,33,599,519,323,2,216,141,327,769,324,86,313,600,122,134,316,332,604,337,338,8,9,1650,39,207,214,511,78,1309,1089,882,424,153,477,1038,39,105,580,191,1386,431,201
3,364,315,368,369,205,531,48,9,2,3,1111,15,16,304,349,558,315,346,558,334,1034,948,346,1034,238,202,873,205,1289,315,1110,234,346,205,414,12,83,1814,3,219,1110,315,16,15,124,201,86,533,1815,1496,139,839,28,108,484,84,138,1816,109,753,585,289,3,315,257,222,78,75,1817,578,39,478,558,315,3,3,1818,315,364,287,772,227,1817,578,1270,12,1429,1819,459,3,39,15,327,154,342,1137,460,411,231,115,1817,86,399,479,537,538,16,124,201,1051,558,425,641,114,83,357,358,138,31,1290,1274,15,979,16,124,201,1817,51,301,79,1249,558,597,611,879,1820,554,1815,15,16,124,201,1063,247,115,1050,1307,1243,346,230,558,1067,1817,1110,948,558,350,611,382,315,479,3,470,15,16,124,201,1206,1246
403,62,5,1062,509,558,208,670,221,76,19,14,62,1821,78,75,23,3,73,320,321,288,3,1822,304,9,573,216,558,509,558,711,1198,167,103,121,288,518,573,326,558,908,135,1822,9,123,1198,313,753,288,753,1703,1198,755,214,1822,215,316,1198,313,1035,121,288,922,1038,240,316,447,3,156,288,310,657,1587,1263,257,167,288,310,311,65,288,301,680,1198,64,313,1198,542,200,255,288,310,200,1198,656,23,221,289,798,1198,221,289,235,135,519,323,2,51,1198,221,289,226,431,114,558,509,9,1291,1070,448,9
362,251,39,273,954,275,413,3,455,362,39,1194,306,301,108,1764,1828,1829,1830,742,146,317,362,1831,517,287,65,322,439,169,1299,216,174,307,251,12,191,1600,408,636,735,469,368,251,143,338,405,278,234,727,60,221,114,408,1824,269,249,42,368,285,338,257
111,251,9,436,1832,368,269,25,342,140,112,25,219,132,759,1,116,117,311,628,150,288,313,411,140,1180,1833,969,25,839,71,117,111,530,301,1834,531,535,109,1833,969,733,327,15,116,62,1564,199,306,63,809,121,151,116,1150,269,25,78,105,23,65,544,257,652,1684,325,544,226,342,39,62,1564,544,409,1833,969,1471,23,544,226,38,1434,368,269,545,342,140,466,111,251,9,344,643,288,1684,544,314,132,125,544,1835,1701,523,23,24,544,652,1057,544,544,174,558,371,1836,1638,312,917,1837,174,1836,1638,312,106,927,84,531,726,62,1838,27,726,1038,1533,1461,1839,477,371,125,371,879,1837,23,227,39,604,1195,55,86,140,46,251,45
482,47,240,456,65,519,323,2,337,1082,460,257,225,138,1904,338,405,429,35,921,296,289,604,122,519,323,2,216,1648,460,257,225,216,1905,521,216,1906,460,257,1907,214,1908,1409,257,1909,823,1910,1409,257,1909,233,753,1911,48,483,1910,1409,257,1912,115,84,519,323,2,216,1913,838,460,257,118,225,118,1909,184,47,1229,47,413,216,1409,257
1927,362,590,660,127,1928,29,432,111,63,341,124,72,321,408,382,230,219,660,187,337,29,102,577,590,660,3,65,337,29,63,341,111,652,149,337,29,63,341,115,124,48,1929,25,24,79,65,408,382,234,63,341,151,1930,230,342,362,230,216,149,25,521,322,114,413,230,79,65,408,382,234,883,111,63,341,124,23,362,25,64,660,1636,440,1101,432,218,482,264,108,477,660,563,452,870,304,138,563,370,203,432,396,796,1931,232,104,995,660,344
838,63,131,125,347,111,227,1033,237,528,348,345,1345,838,287,63,1591,330,227,226,1033,140,219,25,142,470,440,169,111,125,387,940,1,398,400,1624,2001,132,345,400,937,146,287,1156,398,12,604,353,362,146,342,611,2002,226,622,118,418,36,184,87,98,3,238,386,577,607,2003,400,342,178,829,537,538,1791,8,1796,700,1283,1442,431,68,705,345,400,960,115,304,15,16,284,415,140,9
286,1932,597,1357,2004,76,3,238,1591,841,19,80,61,1333,31,286,2005,1932,89,25,1594,311,2006,1033,1138,159,3,124,1076,83,60,1932,454,1096,25,1023,184,614,287,227,1264,702,260,1932,447,31,150,1932,446,269,25,84,1386,1666,497,214,82,2007,140,261,523,1936,1932,864,22,1227,15,523,2008,1795,641,311,109,1666,111,1150,25,109,1001,131,337,1013,417,1896,25,767,772,1932,1637,1624,402,25,2009,599,2010,111,2011,286,1086,908,51,1999,942,150,1932,454,86,213,25,2012,434,1086,1666,111,481,859,114
519,323,2,316,521,9,51,511,28,8,9,733,31,746,952,63,2017,511,121,51,122,78,214,229,39,2018,187,188,982,2019,3,2018,2020,315,316,468,214,1660,251,9,550,521,9,39,1618,342,511,15,16,521,9,301,122,278,2021,1109,2022,187,316,39,15,16,521,9,2023,2024,1006,359,63,55,235,216,207,78,2025,115,268,1889,83,39
78,1488,2030,174,201,285,678,1488,787,320,48,869,1533,1611,124,1006,23,174,652,1488,2030,174,2031,23,174,2032,251,419,470,365,54,108,484,1046,285,162,263,247,115,77,201,285,251,2031,2033,182,416,288,743,174,1488,787,45,2034,281,153,67,1488,787,288,231,656,48,9,115,1046,285,263,247,419,127,45,1236,174,219,1488,787,2035,729,470,301,285,47,12,251,178,2031
440,169,874,46,1209,611,124,157,281,2052,102,219,874,440,56,128,234,167,78,577,121,219,874,82,105,173,2009,113,1438,78,1311,469,368,874,103,263,105,290,141,874,226,2053,606,9,1489,874
78,105,1223,48,578,251,39,510,251,9,307,9,206,1265,482,1022,310,323,319,65,346,697,288,307,605,62,315,1498,368,167,310,697,288,201,448,313,1149,310,425,2062,315,403,379,3,39,78,387,293,2063,2063,39,39,582,310,1540,315,1498,941,1498,514,313,310,2061,577,459,149,2063,39,167,39,459,582,310,334,590,336,201,29,585,150,2064,315,1498,344,64,578,39,428,201,310,54,696,114,39,249,2065,327,2066,777,39,2063,67,259,595,118,39,226,576,370,2065,48,293,327,307,9,344,435,39,306,510,213,115,39,447,459,66,672,39,2065,226,23,672,39,327,150,3,250,1544,307,9,577,258,321,459,39,518,595,118,1080,864,480,259,379,307,494,818,2067,39,472,344,431,114,402,1794,39
577,23,460,257,521,9,1244,2127,39,215,1399,257,460,257,259,718,327,216,460,527,1310,39,798,522,460,809,460,114,718,522,460,711,1082,400,1648,1137,460,519,323,521,577,379,79,1013,459,2014,3,39,429,718,460,447,459,1001,651,616,149,582,711,521,678,207,1310,39,30,459,1399,651,149,582,766,577,379,578,970,971,809,970,39,718,522,460,2128,60,23,169,435,198,1310,216,251,521,39,521,215,977,251,39,798,23,149,582,1310,39,251,402,1794,39,341,231
105,9,3,321,238,493,879,578,3,215,167,578,619,39,837,288,167,493,238,2129,448,313,167,288,317,213,448,617,167,619,1438,767,1386,283,469,368,1038,238,255,353,460,257,247,340,37,321,448,617,167,619,64,167,516,448,314,460,285,321,460,285,322,554,121,353,460,257,669,213,353,460,257,1188,459,2130,696,75,104,578,3,39,286,9,515,420,213,440,460,118,39,402,92,12,15,16,307,2131,597,509,9
138,173,79,3,39,554,124,201,2141,41,63,1248,77,413,230,278,301,39,321,124,201,470,301,1764,533,2,3,105,1740,933,1309,222,466,607,263,17,104,960,230,216,2142,201,169,2143,47,337,1013,230,413,278,174,2144,2145,209,230,278,79,174,2146,230,518,2147,1920,230,278,301,174,287,321,124,201,114,1385,2148,75,2149,387,1060,42,2150
2176,1060,216,12,447,567,834,3,48,201,207,39,290,2177,434,880,48,38,268,240,203,783,948,78,387,578,883,42,216,2176,1060,39,515,268,451,335,136,589,821,29,257,400,1060,31,127,285,257,883,42,532,951,1060,2176,113,1882,221,75,268,1889,86,2176,1060,199,315,63,16,222,268,1889,139,439,42,63,16,31,268,485,274,883,42,532,582,110,86,2176,1060,1150,214,12,173,114,187,79,63,16,268,268,1194,451,8,285,8,285,845,554,63,16,1881,883,42,532,2176,1060,226,766,767,497,301,783,1081,25,834,3,1922
408,759,1,2178,226,869,545,25,265,313,9,83,3,39,2179,1111,9,15,121,544,697,221,221,322,78,577,23,39,51,2178,1180,970,523,1310,523,1310,2178,544,257,311,810,910,521,523,226,330,227,221,372,39,1112,317,544,15,110,289,114,970,523,1310,16,1789,31,132,25,31,221,372,809,727,39,216,651,16,970,971,970,523,1310,87,203,288,810,1139,1218,1356,1206,1046,285,431,105,92,79,138,67,135,2180,232,221,138,115,288,810,802,138,213,221,285,1046,759
365,892,410,411,65,93,1386,2192,312,251,499,291,434,2193,105,411,487,3,73,469,368,411,487,3,64,25,201,1013,127,215,966,1683,2194,1080,700,368,213,25,27,483,401,25,2195,1331,213,212,653,136,137,127,683,8,336,405,429,9,814,191,25,2196,402,653,2197,405,429,336,736,410,411,886,485,1340,115,755,810,616,137,2198,2199,338,620,118,263,460,1655,263,114,104,284,415,124,201,1392,810,58,411,487,73
692,29,25,1623,52,937,146,151,461,150,111,286,692,623,102,29,111,1283,29,25,818,1236,680,2217,2218,521,111,1283,25,12,432,140,234,751,112,25,1180,797,227,128,507,2150,1591,25,818,2219,121,9,966,505,78,567,9,62,136,137,127,667,1199,260,692,29,25,249,1199,260,185,408,143,151,1681,151,1127,111,1283,151,387,23,39,249,1044,651,408,875,2220,178,746,62,297,83,39,2220,1585,268,240,1006,762,136,137,127,447,651,1753,2221,187,280,435
217,417,1351,206,238,553,3,39,2237,55,48,153,105,386,213,1756,257,3,337,1026,79,1583,338,69,214,65,257,315,237,1719,430,125,1355,240,1136,400,1913,257,240,141,23,65,257,238,25,2135,652,2238,231,115,55,521,2135,652,2238,23,24,257,65,217,1353,585
116,370,1068,370,2243,12,1367,29,528,79,921,124,774,643,921,774,1105,124,276,219,289,63,579,2244,302,322,79,12,23,138,1818,1068,528,370,2245,259,402,702,257,1922,558,124,1953,1680,1650,60,350,1367,1368,584,8,536,65,1138,167,276,289,964,382,1438,1068
84,312,1107,251,9,483,65,408,25,65,418,400,61,66,109,413,127,400,174,256,1959,153,386,364,418,514,251,75,370,1148,48,161,62,1612,127,144,418,514,251,173,8,174,122,400,787,174,115,153,787,150,119,257,150,368,221,313,226,446,408,779,460,153
954,76,3,261,112,25,416,499,675,613,151,1386,12,3,25,110,219,499,256,769,39,39,161,1159,588,8,335,1707,3,25,111,470,301,76,111,39,550,111,365,613,151,381,153,2106,747,417,1351,2253,1638,613,151,60,75,48,12,3,131,125,613,151,648,9,12,867,218,1197,215,2254,2061,515,864,518,368,218,1197,205,135,1013,257,518,497,3,39,322,218,607,1082,249,838,660,1322,39,2255,335,1707,425,1007,336,171,838,507,336,179,1082,148,257,336,204,137,257,115,39,215,22,3,110,67,111,125,149,22,387,23,613,151,409,25,343,3,2253,402,153,660,104,76,284,96,124,201
131,125,48,838,151,125,206,530,6,224,207,1294,15,880,21,138,504,1062,3,124,1591,21,1089,238,3,111,219,25,966,1665,2181,660,1150,304,110,3,9,470,301,2256,3,125,365,1046,285,613,151,2257,480,84,284,96,9,60,75,48,138,46,111,349,838,151,125,1386,1013,146,342,247,400,1794,1458,111,823,141,63,1639,762,62,1801,1795,425,359,55,1275,63,349,39,138,347,342,504,149,23,613,151,125,111,238,533,317,86,2157,568,1665,1049,402,138,596,284,96,124,201,86,3,111,857,1362,36,124,387,23,613,151,409,111,349
78,259,268,250,3,115,434,469,368,268,250,3,250,3,120,3,250,63,115,268,250,120,2074,116,297,115,29,3,250,63,268,250,809,150,149,115,169,122,515,809,477,987,29,3,250
217,413,824,1850,86,237,1075,799,834,3,9,799,9,115,346,1075,1828,2291,1075,780,616,63,334,8,1075,418,118,621,622,118,2292,2293,634,2284,822,2058,660,834,3,39,577,215,216,3,824,1850,433,285,257,257,2058,822,8,463,418,226,25,216,25,260,995,2058,138,576,259,1135,408,1194,3,825,400,8,463,418,452,402,281,1408,47,287,333,3
2295,505,535,186,15,16,29,251,519,522,521,29,519,323,2,226,179,2296,50,720,186,652,202,72,846,183,187,86,2297,21,202,231,402,2295,439,342,15,772,124,201
1539,910,174,448,2269,313,2269,36,151,769,910,37,257,255,287,2365,369,313,36,151,448,313,200,627,759,132,1,206,122,1539,910,174,3,110,1539,910,174,76,9,470,62,361,219,174,211,48,127,110,136,137,12,590,667,1539,910,174,623,111,2365,369,207,1068,138,311,672,519,323,2,593,403,510,29,174,320,3,667,1539,910,174,1411,1539,910,174,623,2365,111,212,1068,3,203,470,628,2365,111,226,37,257,914,149,585,933,320,1068,12,643,65,1539,910,174,628,2366,111,259,3,39,79,667,1539,910,174,741,361,62,120,63,1539,910,174,2367,37,257,1539,910,174,741,361,62,1589,29,5,777,485,115,3,9,400,511,470,48,1539,910,174
225,865,866,370,2397,141,84,702,268,264,108,127,314,257,1312,678,636,78,329,4,1889,413,268,225,2397,226,607,2398,138,1889,710,199,255,295,225,296,289,379,268,263,127,264,209,1312,678,35,209,114,329,446,408,268,198,272,675,225,2397,1026,121,124
264,1807,429,39,214,497,225,174,429,121,124,656,86,48,705,174,39,607,1550,694,29,5,1279,455,1348,1121,143,118,67,92,62,114,1529,284,415,355,542,911,225,48,1338,1399,356,124,203,86,51,705,542,536,988,114,1195,360,225,124,150,287,1998,1529,2409,355,230,230,201,514,939,326,421,519,323,2,174,150,84,301,124,656,360,124,150,114,291,1274,174,139,543,1496,2058,124,656,214,12,87,82,460,257,2410,257,29,322,696,766,257,364,86,1290,365,143
577,23,1310,39,447,219,39,86,1082,550,79,221,87,203,153,55,84,3,238,741,336,1310,73,1310,12,593,350,135,786,25,379,203,304,1310,702,1767,3,301,1081,786,25,259,622,118,235,143,425,1310,1767,25,115,39,551,425,45,879,634,116,1613,882,141,1310,1767,25,447,350,2459,2460,818,2461,336,329,55,75,78,45,425,809,641,172,135,1767,45,110,577,497,1310,2462,741,683,121,651,2134,203,86,741,1082,8,249,22,550,511,9,741,336,216,1082,1310,1178,1674,1310,1609,391,3,1037,593,337,550,336,109
23,1562,3,39,577,400,769,327,658,696,201,1789,536,124,39,652,2463,400,15,327,39,696,306,514,536,124,696,327,703,52,696,327,124,2463,728,28,941,31,5,138,439,179,178,399,50,39,219,2464,672,39,153,162,231,86,284,415,782,355,173,2463,2463,135,519,323,2,316,79,1562,39,672,39,818,2067,45,670,425,2463,1007,1355,425,672,39,2067,812,2465,316,814,2463,41,1274,682,178,135,316,51,39,3,772,148,323,2463,15,871,672,39,219,2463
317,9,127,285,2470,2017,220,509,1402,347,121,544,220,323,439,15,9,302,400,552,5,733,127,285,2470,2017,127,216,1711,1712,452,9,679,511,1361,1078,1125,670,1361,139,1548,797,1601,368,1361,143,108,143,214,138,127,285,2017,42,670,1361,587,810,322,127,8,810,429,388,127,794,866,368,127,1665,426,466,304,1067,169,998,388,1612,2442,1526,92,123,127,382,481,1217,8,127,201,79,670,1361,770,400,60,67
284,415,124,861,1950,2479,122,27,979,2480,2481,124,378,125,297,413,3,138,60,2482,124,227,1698,1420,124,435,2483,291,367,111,207,387,215,261,234,25,2484,20,205,234,347,111,124,964,261,372,368,220,234,2485,78,320,215,25,372,368,220,367,111,845,233,12,508,48,25,86,2403,234,111,214,79,1174,311,261,146,287,367,111,185,1551,83,1551,577,458,408,167,25,75,3,39,167,75,431,114,115,3,25,448,367,111,485,36,367,111,226,641,448,220,25
105,9,2414,347,1033,1099,9,373,371,798,2414,783,597,317,9,702,487,2503,143,514,387,23,459,174,216,31,810,221,323,326,1100,1168,1100,2192,597,1996,104,594,174,459,326,479,448,810,753,1100,702,373,371,798,2414,9,174,871,86,1488,787,2504,1628,174,105,92,1082,73,1488,787,174,2505,221,702,1709,251,45,115,514,201,702,1709,531,9,150
797,12,237,65,312,251,171,127,418,146,48,36,167,313,65,313,23,288,141,787,174,127,146,12,226,301,218,65,313,226,127,408,146,65,313,784,65,1240,1756,598,1123,867,479,174,1180,12,73,345,124,932,313,580,78,87,726,1358,317,702,786,614,214,79,684,786,3,215,1688,518,699,12,317,469,135,786,3,113,684,434,604,434,39,115,684,2516,301,684,1038,67,128,684,786,3,526,812,2517,684,74,1121,1061,2518,786,3
880,16,62,109,222,452,70,353,1139,2545,25,530,2546,720,68,492,403,289,880,330,332,2547,247,184,159,504,1289,403,289,68,1495,310,487,370,479,867,915,403,2548,703,452,1210,252,1995,434,73,504,497,219,400,25,429,62,411,769,25,45,84,1139,25,24,83,519,323,2,2549,430,125,949,24,8,1467,743,455,187,106,87,1021,78,75,1062,12,25,24,343,9,577,550,353,1139,25,1210,550,108,744,2550,2538,42,25,24,1345,858,2551,39,861,2538,1326,400,651,343,124,325,8,25,24,109,346,124,201,452,70,552,1035,1399,153,402,121,9,871,1236,1775,1209,167,25,24
443,499,311,554,122,201,335,221,480,958,227,1024,76,84,421,2,3,73,201,736,2253,1360,223,1231,31,225,138,3,109,257,225,287,2563,201,697,2564,511,518,48,1665,426,238,530,2321,15,201,484,75,23,399,225,257,652,2565,621,364,1362,621,315,63,29,121,221,2565,621,200,2563,221,201,237,2091,1216,62,810,1216,2208,31,334,1377,518,216,2566,2091,1216,1837,621,369,447,680,115,2565,621,1006,2041,225,515,118,143,440,8,1362,621,411,402,39,86,251,521,238,27,205,1107,1063,1024,140,63,2409,127,183,115,214,138,479,1201,301,342,222,12
324,449,128,2604,2605,1904,84,455,25,343,219,455,87,1583,503,449,216,439,42,1439,72,932,955,259,39,1105,76,1181,13,77,2439,104,2606,2607,433,81,25,343,2608,2609,9,728,1492,468,2509,114,1613,2500,268,455,42,131,455,404,1329,1709,1526,388,1601,111,405,429,198,12,75,23,434,122,2610,455,604,1259,39,2611,131,1738,86,2611,131
75,12,1413,202,58,25,380,863,331,1413,345,402,499,1351,187,470,435,850,1683,1541,380,1201,543,124,139,867,479,25,202,58,499,1351,226,12,216,2617,1351,216,782,430,125,39,2618,2619,2620,402,12,563,79,122,675,58,191,2621,675,58,191,1551,213,2621,115,1483,380,57,2622,382,1025,2617,125,51,856,2622,218,27,169,510,251,213,1551,115,497,2617,125,1483,236,24,2623,234,2624,767,405,114,125,51,927,135,2625,726,400,227,2352,58,263,247,2525,173,2617,125,169,2626,782,430,125,249,3,250,45,213,1551,927,135,2625,726,231,2160,551,1780,124,201,447,2627,2628,213,2621,255,364,201,58,1381,499,455,17,47,2617,125,364,499,455,1381,736
432,441,124,531,1038,2299,482,1882,42,436,623,117,956,132,1061,65,3,36,124,156,576,218,432,111,231,1418,1064,78,214,1070,3,12,2647,432,111,447,334,132,1061,65,36,124,1122,1047,609,790,528,1180,1064,231,536,231,151,2060,563,1418,1064,344,79,606,1064,231,759,231,2648,231,1228,329,79,8,403,231,2014,1064,403,1775,1064,403,429,121,2060,151,201,1458,111,216,422,136,555,868,115,607,111,3,53,335,2649,790,528,747,733,2099,2650,111,2631,1102,125,132,1061,667,326,167,1064,602,2173,790,117
329,39,50,3,2595,39,1022,1551,148,2595,2660,348,810,210,87,448,342,138,1684,810,210,338,322,2595,810,210,582,740,222,210,2133,809,116,651,660,733,2661,2662,348,470,1382,114,660,280,435,23,370,12,22,515,8,54,634,116,118,427,39,427,118,1201,641,2663,2664,301,342,171,1279,2665,39,1665,426,138,1112,311,167,2595,803
75,78,344,47,512,2115,773,528,370,1371,214,65,660,1371,216,404,2689,324,508,1038,12,27,797,660,207,214,660,2690,210,39,50,124,970,39,50,124,86,482,172,47,2690,210,39,212,922,204,240,335,268,50,970,39,212,922,683,294,268,660,65,675,1634,110,496,487,2115,214,748,550,343,1299,1634,110,1733,1252,1148
75,82,175,138,12,519,323,2,124,656,200,940,751,225,463,921,221,289,349,429,2696,2086,2086,200,560,124,289,536,104,528,167,2696,536,175,656,75,169,39,1367,175,765,751,225,496,16,124,2697,1014,327,634,106,1177,2115,1240,175,111,355,68,736,79,110,1022,429,121,519,323,2698,1082,175,1521,402,153,39,104,355
497,146,260,787,8,174,652,404,143,422,418,2,2709,420,213,201,191,203,1021,65,408,1263,346,940,710,210,123,64,146,124,25,184,1882,1236,787,8,12,380,124,146,25,320,422,418,2,2710,207,214,82,174,402,48,213,2710,485,27,1109,13,213,798,1896,422,418,2,458,1206,1896,251,2711,221,2709,103,1378,153,232,622,118,420,213,45,212,282,2710,226,408,191,420,213,787,8,174,268,787,8,174,402,141,301,48,413,215,127,25,697,110,2712,115,320,25,542,251,829,225,73,341,231,86,596,124,201,284,415,1193,124,201,1148,2713,402,92,25
2714,2715,25,326,516,1501,369,278,224,84,241,2,3,25,234,237,65,418,127,1655,363,251,114,143,514,513,70,2276,48,215,1684,237,65,9,104,510,9,326,418,127,191,215,78,387,48,2714,2715,25,369,516,278,320,369,2315,278,214,169,39,268,1889,511,25,326,516,1501,231,596,124,402,39,326,237,65,418,127,485,344,796,162,214,25,810,516,1501,2716,1,233,278,301,79,2315
78,317,599,3,238,362,448,52,209,443,151,387,82,261,12,127,401,146,148,209,1494,583,74,3,238,25,343,9,255,902,459,326,1402,443,151,917,509,259,1340,154,343,902,2062,401,418,115,902,867,1490,583,1623,191,1488,787,380,214,23,247,154,261,209,127,216,816,1498,115,219,154,75,233,2727,213,816,1498,62,261,285,127,447,201,431,596,124,115,38,240,214,154,902,12,30,201,431,284,124,115,859,153,1490,343,1488,787,209,127,584,285,538,173,138,1185,207,76,261,1059,521,238,12,304,521,9,509,443,583,1111,434,1355,463,121,583,1062,610,151,103,448,218,867,2728,583,52,209,443,148,104,583,868,343,198,365,417,401,249,739,1492
577,120,63,39,481,400,336,1194,45,65,9,403,519,323,2,174,39,1001,79,601,345,447,601,481,400,336,1270,9,30,601,200,400,1270,336,400,1769,336,30,601,577,616,39,200,400,1270,336,45,400,1769,336,45,121,124,108,136,225,285,287,124,316,198,110,447,601,75,23,114,229,39,577,23,229,39,1194,45,1275,63,206,250,2729,229,39,636,8,149,320,207,39,2730,435,79,23,2039,39,425,651,118,654,2730,1006,1274,1275,63,466,829,250,2729,240,39,481,23,1135,1299,1665,342,1194,721,45,400,1270,336,1228,1270,9,518,135,251,9,577,199,408,2730,2039,39,1617,620,118,121,651,274,9,577,48,408,621,622,118,83,229,39,60,201,484,2730,2039,39,636,118,340,1275,63,447,601,322,447,30,601,329,340,1275,63,620,118,62,153,225,247,2731,75,211,39,697,45,481,400,336,922,45,208,31,120,63,231,27,870,23,1135,1299,173,2730,2039,229,39
370,432,92,368,838,285,151,533,2747,25,111,1283,25,2064,92,127,751,29,111,1283,25,1024,2748,1367,9,207,214,337,751,25,386,115,322,337,751,2064,25,2747,25,92,652,111,323,2747,2749,25,184,60,1438,818,2311,9,127,2749,115,219,337,751,25,1367,747,417,1351,125,111,214,1665,342,138,127,25,67,138,574,359,432,1409,25,1077,141,2750,1922,558,124
264,111,219,656,312,1183,523,117,1127,347,227,111,124,42,304,241,2,3,72,455,111,289,259,662,1340,491,219,2761,368,111,259,257,111,206,115,970,700,111,257,67,255,111,656,436,2762,2763,829,240,111,289,74,1121,121,9,111,312,1107,219,954,175,3,111,513,289,332,8,9,411,257,335,1913,893,138,2764,370,304,8,1355,411,257
315,609,313,117,317,1229,404,746,1009,368,518,285,2793,518,636,2794,86,117,939,484,2795,117,1761,612,802,875,2794,2795,737,336,28,627,9,62,1589,67,400,404,411,1286,29,627,777,234,117,39
634,2796,2797,2798,318,1484,274,146,2799,201,2800,1820,1820,291,60,126,1136,39,859,802,634,2796,2797,1035,1419,126,2801,2802,2663,2803,2804,2805,126,2806,126,39,38,153,1194,128,178,809,121,2800,684,121,2800,231,2801,126,2806,2806,126,126,2802,2663,75,342,178,1136,39,216,337,267,759,2248,71,390,2807,1861,2808,2809,2810,1861,274,178,60,337,2750,304,1136,39,219,124,1028,126,1033,25,2811
567,9,127,886,79,418,1263,257,185,531,531,285,1038,2814,238,219,710,833,550,2115,610,78,214,23,531,127,138,280,435,336,1348,1121,1252,1148,1498,62,1340,176,214,138,1665,1791,342,169,178,712,607,240,214,138,219,268,250,400,143,118,443,231,115,214,138,173,802,83,138,45,1665,301,342,1326,12
534,536,9,535,382,388,150,344,2257,2820,2821,2822,214,39,139,380,146,535,1013,25,150,368,528,78,320,2823,12,2824,2825,388,150,105,127,257,534,536,219,150,535,206,115,84,529,39,304,388,150,25,67,191,1600,408,465,324,114,232,536,53,216,52,535,2442,1929,388,1461,150,1070,670,105,683,146,2648,136,137,138,294,347,970,3,1101,452,114,782,1081,122,621,67,607,334
78,72,399,138,511,29,316,460,257,1650,15,16,124,157,238,219,597,251,53,1065,264,1786,138,2826,104,325,231,232,138,291,1274,229,138,219,316,468,2294,2827,1733,488,121,122,15,78,350,325,320,138,460,257,219,1065,1768,460,257,460,257,511,1687,521
933,577,201,478,73,3,477,917,835,195,2704,201,694,215,1052,117,2873,2694,2874,829,150,368,835,1684,353,2387,257,910,335,249,447,416,554,357,213,577,2387,969,39,62,516,822,400,769,353,2387,257,138,711,328,87,2875,1833,969,131,125,30,669,3,477,835,1775,328,87,238,387,42,25,260,834,3,73,2876,652,772,858,3,400,353,822,285,257,216,2350,1052,117,153,582,1438,516,835,769,353,822,285,322,609,216,229,822,285,257,2387,969,39,342,822,343,114,12,16,1789,9,484,226,431,640,138,871,234,2704,834,3,138,216,883,42
84,304,1070,343,201,426,36,1246,87,218,328,122,2906,2612,343,1638,364,31,92,448,1921,2554,343,36,47,512,121,203,205,257,122,27,429,136,401,388,751,345,521,47,431,403,2428,2904,2907,610,78,75,2901,2908,39,169,342,39,462,607,400,1194,213,203,205,257,461,2901,1322,2909,1544,240,485,515,641,400,39,83,2910,211,9,1172,342,39,115,39,320,1206,109,411,257,217,337,989,36,411,1003,507,411,115,39,1217,8,830,256,213,940,746,448,143,751,345,521,420,213,136,448,388,153,115,84,531,2,3,9,875,47,2901,36,343,864,226,162,263,247,104,284,415,9,751,345,521,39,173,503,357,358,498,577,2911,424,59,1274,226,607,1194,47,431,403,39,153,503,173,2107,216,39
207,1294,959,9,111,2334,439,856,2,3,304,2901,1322,2909,1544,240,357,1360,1128,201,106,301,703,201,2250,338,2901,22,342,334,898,1217,8,336,15,9,75,2912,2913,2700,2914,178,39,429,769,2901,257,2323,2376,870,304,2901,2,3,9,219,221,343,175,140,8,218,2268
221,343,238,1078,54,629,221,446,448,148,313,67,386,872,2915,1642,1035,221,641,100,3,240,38,221,69,123,167,221,311,201,240,185,1042,221,12,91,448,37,221,747,364,285,51,288,450,2284,23,343,39,342,349,23,38,221,365,2916,121,221,1292,66,121,221,364,733,402,39,2081,1512,1107,9,1289,205,2332,1107,9,149,115,82,1784,91,259,641,48,118,937,3,9,343,251,1438,641,492,9,64,702,205,1107,727,60,115,203,334,201,221,875,205,2332,2390,1136,2430,386,215,379,219,1136,2430,334,37,221,2430,448,479,1042,221
78,105,208,209,210,1217,9,669,3,208,209,753,776,225,912,2,3,304,214,342,39,16,1789,121,124,656,28,209,697,210,83,39,3,225,912,16,2106,1275,63,2917,121,124,656,1001,1015,210,152,364,1217,152,347,3,208,209,225,1037,209,67,753,776,13,213,215,1006,1274,39,1038,83,3,9,431,114,402,39,92,3,86,208,209,778,209,225,912
751,345,417,255,869,261,251,25,414,762,131,140,1340,142,1038,400,73,214,60,1309,173,1925,138,256,969,400,131,140,510,751,345,251,25,75,846,278,400,448,153,327,137,127,114,326,2928,108,770,607,1762,263,233,256,969,173,1925,138
214,48,138,652,2532,970,286,2152,810,578,3,39,338,460,257,138,104,1764,240,119,2152,838,110,496,250,2954,2954,780,2954,12,607,701,288,1302,578,678,224,198,138,2014,201,515,54,250,2954,114,54,149,427,172,533,578,3,1194,12,60,67,263,141,12,104,124,201,334,124,201,15,121,221,1195,2152,2955
78,482,550,135,251,1299,3,12,2458,441,283,2458,441,334,1299,577,629,1312,446,15,413,2979,78,75,2458,441,39,72,1065,480,251,1299,524,126,39,349,498,261,251,288,247,364,431,247,984,124,201,115,1195,360,121,286,1299,486,1299,2246,1299,359,67,2980,55,249,241,191,242,243,173,39,304,15,2969,2981,124,201,1339,334
78,75,23,39,382,528,370,529,9,216,342,555,127,84,727,138,39,1642,429,364,2886,382,657,127,690,1514,152,368,937,146,1624,327,146,369,12,342,555,127,413,424,206,555,127,362,461,1495,268,39,216,127,169,1665,342,1322,2711,871,67,128,39,149,127,440,1648,2115,1108,1007,153,529,39,2115,230,75,503,278,225,529,399,529,2987,320,549,39,162,452,226,2409,499,535,70,39
413,25,778,1362,209,1403,1150,466,15,880,62,281,68,337,1013,25,1362,209,124,259,1665,342,660,15,259,15,203,563,270,1475,2060,216,965,1362,209,1526,388,370,431,105,402,304,214,138
317,9,237,238,834,3,3046,321,1362,36,348,1210,387,573,825,227,3047,705,835,477,167,1210,3047,1013,25,408,146,287,222,822,346,2219,840,822,36,835,1021,822,1642,216,408,146,747,3048,25,705,1210,845,214,825,2014,39,3,110,3047,3049,124,156,171,477,825,115,2092,825,651,1001,1116,345,1633,417,287,3047,321,1210,1234,175,240,1116,345,1816,935,3049,315,1210,92,66,121,3049,139,3,38,825,167,1210,124,935,458,121,932,3047,314,175,935,312,1062,2647,829,3049,124,67,1633,347,1116,345,402,92,214,3047,67,3047,216,3046,215,1038,9,27,2534,415,1608,237,1114,148,251,431,114,115,3047,859,834,3,39,1362,36,499,3046,362,425,641,153,554,238,834,3
15,16,522,521,302,84,304,219,183,251,347,1033,345,78,141,3051,573,1786,138,769,616,137,522,521,25,214,138,400,1786,766,2382,425,399,268,1080,231,115,1274,527,2648,1786,12,522,521,320,214,138,15,16,460,29,519,323,2,316
317,9,2158,198,48,338,460,257,864,27,519,323,2,198,746,459,225,27,751,889,3020,110,705,1150,336,206,115,201,198,110,198,249,2158,9,1257,232,257,120,119,1044,198,213,1889,2858,79,1089,882,3058,268,293,257,268,191,1150,429,268,429,1150,285,216,332,3,60,198,257,513,285,677,257,1686,272,2707,114,48,508,727,114,241
75,48,229,39,1373,304,960,52,288,338,28,8,342,12,8,336,121,651,139,879,8,839,1789,28,121,151,60,201,343,153,120,63,684,281,288,338,28,8,939,585,626,634,2216,652,925,585,408,385,995,316,8,60,201,1067,29,63,370,867,48,491,250,2729,369,387,3059,3060,31,320,114,628,288,338,28,8,387,48,293,250,2729,201,55,114,3059,3060,104,325,447,114,385,338,28,8,1900,114,3059,3060,13,316,8,30,425,941,250,268,470,13,213,316,8,1591,48,12,1262,370,761,59,515,1228,318,60,201,343,216,250,2729,201,1400,318,216,652,772,3061,588,8,711,40,113,114,55,268,114,654,2730,2730,226,268,250,385,191,301,48,408
207,350,1109,8,154,1068,370,214,705,459,336,205,705,2939,577,480,778,336,201,211,176,705,518,447,329,514,705,2076,173
2439,3010,402,1764,1061,79,201,336,48,993,154,29,921,360,793,3075,386,656,1121,707,1453,23,1438
207,671,78,2439,3076,75,39,316,652,90,323,2,3077,870,153,563,278,316,1442,3078,3077,78,2746,354,114,31,1311,1466,1305,295,231,74,1121,3079,114,3080,1355,354,61,42,477,346,563,370,1135,154
115,3082,613,151,342,51,48,25,510,613,151,12,216,256,769,342,62,400,446,413,346,25,62,411,62,446,413,1457,66,343,167,124,656,948,613,437,400,304,537,538,48,25,226,464,1489,3082,249,398,400,263,115,138,769,124,137,141,42,24,48,25,27,494,337,755,210,116,2654,25,337,29,528,1636,3083,29,48,25,315,772,70,259,39,141,86,782,1081,124,173,25,424,334,51,517,66,62,411,31,1290,22,419,1636,613,437
283,933,72,215,15,327,251,1059,289,334,48,29,328,257,1059,289,255,518,293,327,219,328,257,536,51,656,15,327,74,1121,1913,257,328,257,998,1913,634,464,484,327,31,497,3091,4,1538,3092,1506,346,1059,289,3093,289,289,1913,257,1270,289,379,114,39,515,104,227,228,357,894,83,336,1913,174,269,249,1009,257,51,656,226,48,118,1913,174,249,795,109,1913,257,65,48,12,239,1225,104,67,128,39,13,213,1913,174,519,323,2,29,5,2,1307,1243,174
772,70,25,124,323,772,29,322,694,1360,537,2,3,3115,532,345,413,78,1099,15,16,210,116,9,362,3,694,201,31,550,64,124,398,9,27,2430,3,532,345,337,755,210,116,772,773,528,370,78,214,567,238,23,578,8,39,216,348,400,16,145,15,124,201,1249,51,108,320,347,1038,210,116,332,87,960,537,538,3,9,1889,268,75,1244,231,347,558,2638,124,402,604,357,358,153,249,46,8,86,54,15,124,201
317,9,834,3,496,132,1210,321,205,257,818,249,589,821,24,1210,1485,742,1228,1461,822,835,822,36,448,3140,964,784,348,807,25,3,835,1171,832,741,825,628,742,821,257,323,285,357,2473,408,1816,3141,707,9,332,204,148,201,721,323,821,289,205,3,835,12,148,201,1229,818,249,589,821,323,1188,201,2284,458,3,39,1764,321,834,3,39,135,1651,821,9,322,662,473,455,12,323,285,348,807,567,301,48,8,234,9,1835,65,203,148,201,3142,283,3,835,12,2070,203,148,201,48,150,742,102,110,206,213,2316,215,348,807,589,821,585,576,13,226,834,3,39,331,132,328,345,707,122,226,870,114
338,777,73,226,265,198,208,209,336,15,16,210,211,9,3169,696,198,226,169,439,342,338,39,429,1830,143,930,118,3169,696,39,1014,2180,651,918,1046,1360,1355,326,1014,653,3170,2869,2061,22,342,62,895,198,507,336,2534,285,198,110,1665,2181,480,39,62,208,209,3170,394,210,829,9,111,115,238,153,109,31,29,210,276,776,5,39,159,478,15,912,122,1014,2180,306,356,2453,62,208,209,400,1611,210,36,2133,875,209,400,778,2756,51,201,2453,138,425,38,51,230,143,461,1007,63,173,859,357,358,73
84,156,251,39,212,486,45,288,3174,39,3175,141,127,313,213,1026,45,933,115,1268,313,1551,563,3176,39,477,1764,425,769,47,153,447,577,3176,140,770,796,67,128,459,39,889,736,119,219,3177,30,387,3176,3,115,55,153,39,747,3176,140,247,3176,140,3,796,156,140,459,643,335,174,538,86,596,284,415,124,334,3176,3,3176,140,533,871,543,3176,12,149,1367,124,884,448,301,1195,153,42,114,1758,119,3177,381,703,1398,153,1021,89,140,39,580,114,1367,458,39,206,238,884,770,321,1832,334,417,19
78,577,547,523,25,261,25,1402,2510,499,547,523,48,261,523,3192,3193,42,2243,436,131,125,75,342,39,3,547,523,25,136,137,131,215,344,149,342,326,124,772,75,124,111,39,829,219,772,431,114,402,153,25,86,1263,127,251,344,1229,523,216,174,153,1377,435,221,343,402,114,1648,489,220
759,1298,387,2,3,720,1296,1357,439,224,545,463,921,521,251,521,759,1298,329,479,400,408,940,361,151,212,386,759,1298,226,218,778,408,146,361,151,408,940,408,1905,140,1905,521,1298,1599,759,1298,1905,521,1298,329,337,1013,479,325,127,408,1905,463,921,583,151,39,212,362,443,122,350,39,859,249,448,545
207,212,1133,48,118,326,257,65,39,1078,1265,54,1229,795,589,257,65,54,115,23,301,48,324,1194,38,48,118,23,324,139,759,1052,584,257,65,247,759,108,54,463,418,759,65,257,22,718,122,515,662,240,257,65,1589,61,79,3208,214,215,2680,2681,2114,39,2680,3209,3210,636,48,118
105,9,334,8,225,3142,338,201,225,3,284,285,257,198,636,537,856,198,257,604,338,8,9,746,460,198,705,336,9,115,465,3213,201,8,225,894,326,338,322,707,225,121,124,122,206,114,141,3,8,2486,225,8,3214,1624,225
75,508,73,511,42,1637,2011,238,1645,9,613,132,25,216,12,2838,73,362,217,948,218,167,238,25,51,1965,874,306,794,218,325,88,704,51,1645,345,22,135,2838,12,306,794,218,497,13,2838,329,301,211,1948,25,230,102,3219,3220,1939,238,42,13,868,114,326,50,114,354,948,357,358,12
214,138,55,400,140,138,514,1409,2333,112,25,138,48,526,178,207,882,2830,3221,304,628,116,117,226,484,132,438,15,362,79,766,400,140,138,122,1833,969,400,3222,146,167,151,418,146,132,438,151,1065,112,25,116,675,151,659,3222,146,55,1564,951,39,3223,1121,400,143,1816,236,362,585,2333,514,138,381,329,1201,641,114,593,3224,400,140,39,127,92,2333,768,36,2333,514,143,400,746,143,3224,400,140,138,933,173,42,995,2333,514,138,400,140,138,856,112,25,27,284,415,125,472,138,48,326,479,114
387,39,587,127,251,257,67,970,599,3,215,701,39,334,3232,151,127,710,342,178,172,86,952,63,346,1399,39,870,452,124,67,373,269,124,201,143,370,346,268,127,251,257,970,483,251,257,483,970
75,333,3,39,867,772,542,521,251,25,36,124,2041,225,205,72,342,443,517,66,51,3212,109,225,216,39,141,15,355,3144,2592,333,39,2592,651,429,460,257,930,721,585,119,2152,139,235,25,3240,721,1135,154,1455,344,1038,333,868,694,343,443,517,55,47,62,342,1664,39,216,1044,429,2258,116,75,497,772,521,251,25,409,3241,1562,25,497,39,1219,25,343,324,219,404,1329,1709,2120,3242,218,154,2891,235,431,114,1193,124,75,402,859,39,72,78
1637,3271,381,123,51,1178,260,3272,1327,274,146,230,3272,51,201,1803,1327,42,146,153,144,2011,3273,3274,3275,482,153,796,1637,3271,136,555,952,216,3,1237,1069,3,51,1038,24,782,1803,3272,447,201,114,115,1637,3271,1335,47,596,1178,153,1853,1026,250,1178,486,576,114,115,554,1637,3271,153,802,1178,784,235,114,115,169,3271,64,162,55,1178,1674,30,201,114,567,726,598,347,1127,3276,101,153,301,88,146,114,2011,3277,1965,350,465,347,1127,3276,3158,153,42,146,368,51,201,230,201,301,359
75,445,211,112,154,3078,150,429,1047,382,200,3308,922,850,638,386,211,940,3078,150,259,141,3308,240,850,638,150,497,382,326,2793,536,1392,123,850,638,684,3309,766,259,112,154,515,1047,117,83,170,753,1402,418,146,3142,108,289,1708,354,39,178,112,154,741,1275,63,317,397,609,235,870,112,154,879,1715,1367,783,1231,373,150
75,82,869,12,9,221,343,652,3311,317,221,343,536,3,3311,1823,343,960,221,1317,480,3,583,198,3,215,87,198,3,345,446,399,15,16,9,3311,199,1562,651,1543,1853,867,221,201,51,583,25,970,971,167,651,399,970,216,498,1215,574,221,55,83,25,221,25,25,1562,8,970,971,39,16,1789,121,124,656,28,121,221,3311,856,583,25,65,86,29,337,29,86,251,521,231,354,386,995,3311,251,86,29,337,29,25,522,521,1904,460,257,114,856,596,284,415,124,201,75,235,469,368,3311,3138,149,25,1310,68
75,82,12,1220,48,1059,3337,289,208,921,916,289,677,1236,2510,16,73,429,1008,363,1009,1220,39,428,208,921,227,124,1037,111,1204,593,124,39,1259,154,257,322,363,1008,652,662,1008,574,662,1008,68,257,1569,662,240,12,42,2511,2519,39,3338,146,218,863,1220,175,39,1883,1220,39,436,1220,345,55,268,240,230,138,1059,3337,124,201,365,1178,402,138,1037,111,240,1220,124,641,1236,153,47,172,175,143,593,124,114,78,27,2581,39,8,135,205,257,79,138,334,458,276,1506,346,201,124
39,654,117,219,79,654,117,2794,531,867,915,102,157,3,117,39,1248,128,511,9,342,84,65,117,684,2350,219,523,933,387,491,394,1584,3352,387,39,3281,65,117,120,2740,818,65,117,577,1025,3300,199,394,1584,3352,466,940,447,3281,39,141,607,342,303,2649,157,39,39,48,784,1656,135,303,2649,157,201
78,105,1310,138,23,40,867,207,60,3390,115,1310,400,213,1589,429,460,154,585,272,323,106,492,664,1310,1332,1135,198,875,460,154,79,527,868,809,3391,616,137,576,115,585,777,1061,1310,651,339,336,268,536,213,8,536,1731,891,515,8,536,1731,891,240,769,429,327,51,124,255,1310,424,434,959,315,368,1310,225,519,323,2,2334,86,577,138,198,8,463,921,583,289,62,2080,87,674,466,268,327,769,336,1477,577,316,1589,141,1310,400
82,400,138,75,400,285,257,343,38,822,132,328,345,15,357,822,289,138,400,357,822,285,755,260,2446,1047,112,25,652,1624,803,25,110,3,342,285,259,342,62,1624,803,822,1067,470,15,116,822,289,132,790,1711,1712,108,452,114,115,1624,803,400,511,15,9,452,334,822,822,289,484
9,921,360,302,84,1,218,345,27,2,3,124,1028,2299,1289,312,1107,430,62,386,577,335,29,1220,2519,942,3,39,62,208,921,451,1037,1220,463,921,124,124,123,108,89,1154,200,554,353,1052,102,622,921,200,259,1162,335,29,1830,551,62,1220,66,772,691,9,3422,8,2519,1382,1594,48,1791,542,1220,169,178,675,335,352,78,577,178,39,1101,344,104,162,95,153,75,114,39,141,124,108,128,1154,67,156,558,1171,3423,2081,1512,122,226,162,870,39,153,86,664,1232,234,39,727,3424,60,542,921,360
3425,2433,2,3,186,2841,283,226,869,179,602,545,39,2,3,238,27,856,3426,1210,1193,230,173,39,178,39,27,818,1239,249,952,2474,825,970,138,2510,2473,430,125,2265,1833,125
84,441,9,2458,314,1299,441,347,907,802,1265,9,283,334,1265,346,605,289,1498,802,657,236,1399,257,75,108,39,511,9,77,54,121,2226,611,1194,1358,118,824,37,336,128,108,12,1823,554,605,343,9,123,1399,589,287,122,257,213,84,303,1399,257,115,39,60,1399,127,118,143,226,143,118,114,420,213,108,118,303,1399,515,108,39,224,65,1399,257,127,118,143,39,1775,1229,2061,1544,1267,1265,1248,1953,1111,38,2755,356,122,184,39,894,1274,420,213,118
78,75,578,519,323,2,316,348,1042,971,2583,39,550,766,484,1062,332,578,3,9,348,970,971,295,225,296,289,2707,1108,2583,1633,201,970,723,110,384,272,323,1360,2707,259,342,582,22,153,766,484,550,29,63,141,578,316,215,856,460,257,206,115,1206,111,513,289,425,342,578,307,251,231,115,39,871,301,1868,138,201,970,766,484
1665,342,12,335,3,225,138,75,3442,3443,3444,3445,3446,3447,316,51,201,335,316,3152,2366,51,201,458,25,167,611,656,343,230,63,657,2232,318,519,207,114,3448,3449,234,362,3450,12,425,463,251,45,500,536,257,335,1727,9,1206,439,342,62,1784,2753,399,335,25,343,576,46,3,345,3,109,118,259,3447,316,263,247,12,124,201,1249,656,115,291,1274,301,479,478,357,358,479,400,316,1442,337,463,921,124,201,301,48,115,335,531,116,1749,46,3,12,225,138,42,207,73,1257,3451,335,218,31,55,478
3457,448,840,231,1035,1358,670,824,23,448,346,143,418,580,138,87,448,313,481,201,313,533,103,103,418,3457,448,141,138,481,1307,1243,138,519,323,2,3218,521,949,3457,448,403,50,201,313,448,664,167,1758,1246,490,448,82,2989,221,3457,448,664,122,108,382,274,146,664,448,1125,63,470,1382,216,2616,124,201,382,124,201,149,25,191,664,122,108,382,50,1028,25,3457,448,537,751,29,25,2323,75,860,103,794,455,3457,448,60,563,104,443,122,301,846,1533,14,226,39,3,759,415,3458,2805,3459,3460,3461,3462,3463
387,23,542,25,251,25,937,146,361,151,710,337,1013,1116,345,547,1484,469,368,29,879,167,528,547,340,469,530,542,547,103,301,528,42,521,272,452,124,173,153,23,12,526,138,219,2771,3469,3470,25,328,523,519,323,2,247,12,79,251,9,1367,1733,65,371,265,610,3471,3472,25,562,55,448,45,485,917,36,588,1312,547,528,25,562,226,473,613,111,124
214,82,30,31,32,5,332,403,47,174,1206,1551,36,315,332,259,403,521,257,47,1551,521,201,214,332,382,89,146,139,83,30,31,1287,332,13,213,1046,285,36,86,251,521,9,231,115,214,332,871,2180
436,623,117,956,537,227,408,382,2,3,413,485,613,1086,151,531,528,112,25,956,25,739,531,1150,459,956,280,191,327,613,151,940,48,956,311,382,287,629,151,703,956,436,390,117,3484,227,27,956,13,213,648,1150,78,387,39,153,131,140,751,1924,3484,25,531,139,140,64,146,287,110,25,387,23,146,710,912,751,3484,344,870,104,131,2,3,238,1489,324,75,386,545,25,150,48,613,151,747,592,25,219,151,1112
72,2,3,2913,652,3495,403,508,15,16,3,456,538,221,24,3,201,1810,281,121,2,3,25,219,519,323,2,613,132,25,321,225,3,29,1068,370,301,64,39,416,104,42,124,65,2913,104,304,62,1838,3237,543,1249,51,122,3502,230,122,301,1051,3466,3503,3495,1248,537,934,2,3,1003,1656,3495,178,166,2700,2914,2841,2311,1614,2296,50,166,535,70,3504,187,191,192,48,2409,194,494,188,982,3495,2913,2168
31,153,205,1107,704,3,227,89,528,558,219,528,518,205,205,480,221,337,755,210,3507,48,25,64,214,334,219,1231,227,558,124,563,337,755,585,116,933,354,263,482,153,337,755,210,3507,39,1067,219,39,733,1816,149,585,772,116,31,1077,416,3508,585,650,114,39,646,1367,558,528,191,236,408,297,1107,25,859,3,430,125,39,419,479,3,227,3509,558,221,747,219,585
67,128,470,2980,88,2210,3064,604,15,558,151,1376,84,1289,238,78,75,23,529,234,261,25,121,535,1717,121,2428,153,558,908,3064,659,587,25,3064,1569,616,289,48,2747,345,613,751,132,759,1,172,25,450,416,908,3064,558,173,3527,609,1393,3528,196,141,25,79,9,596,558,908,3529,988,3530,610,2181,558
436,825,349,466,325,511,834,3,9,675,838,357,822,289,283,530,334,825,110,769,1803,205,257,3536,138,1420,348,8,9,968,626,2061,357,626,759,121,265,173,825,1055,247,3536,23,369,278,138,3537,1607,9,568,3538,1560,9,472,369,230,55,153,8,660,104,138,187,66,1492,92,1067,3536,2924,550,121,579,167,278,1006,1274,3,369,106,348,349,138,219,700,2538
283,1070,3,1035,1638,51,697,656,48,143,429,344,9,1070,3,29,521,2257,1236,1070,3,138,746,3,123,25,3,2441,721,84,466,784,380,914,207,1070,3,138,531,810,746,3,214,212,47,512,2196,25,78,214,23,1070,3,138,810,746,3,652,3546,1070,3,531,810,746,3,216,408,256,48,143,531,42,83,138,448,408,256,48,143,346,51,697,656,83,138,448,778,256,48,143,880,42,51,697,403,973,1634,150,1365,51,697,656,607,515,214,1070,3,154,301,479,583,554,579,48,143,83,154,443,105,3266,1193,124,201,115,214,138,173,503,83,138
3587,370,1158,1402,124,212,604,357,358,39,2,3,238,488,702,33,599,1167,3,664,39,2858,380,257,105,3,3110,949,1082,172,1204,124,78,75,138,1065,346,1204,257,105,1084,172,1065,1204,184,301,1308,1533,3587,370,138,84,203,304,317,9,558,1578,1167,251,86,201,12,55,135,1158,216,138
195,196,128,202,250,1403,515,92,448,202,58,1403,343,3588,3589,2,3,3590,224,3208,1500,578,2400,2142,102,219,3591,3592,1505,2756,12,381,403,60,439,15,124,201,176,478,138,1376,60,214,1038,478,336,1148,512,2756,3593,124,201,222,1574,2022,187,156,447,214,1038,210,116,216,73,30,1243,514,138,3244,3594,353,40,335,240,1243,216,12,342,431,1515,447,354,178,77,350,110,8,153,342,115,214,478,12,173,503,83,249,448,45,139,51,63,235,354,231,153,3452,3595,124,201
3598,135,1033,382,164,2548,834,3,231,135,226,3598,504,70,935,195,70,935,66,733,775,238,431,3599,86,1386,3600,173,247,23,882,702,424,164,221,3601,166,60,104,1033,62,2856,3598,2669,320,5,1033,519,125,3602,1003,3598,3603,65,1275,967,859,222,104,505,535,164,2630,584
537,856,2,3,9,577,429,198,405,257,42,39,42,293,405,42,198,122,27,29,519,323,2,316,751,345,522,521,408,759,1,2178,913,3621,78,577,455,178,478,3097,338,1442,511,127,9,493,175,3622,22,124,335,416,198,219,708,149,508,215,75,2199,268,118,115,39,268,766,1358,48,338,9,616,766,838,700,9,402,153,48,69,1442,856,2022,187,124,201
214,138,251,301,79,65,463,921,221,12,867,510,328,523,309,1735,1576,8,327,174,167,1218,178,762,333,39,238,173,153,543,333,660,216,175,210,363,327,173,153,327,523,280,234,369,639,519,323,2,1307,1016,121,2138,1032,124,201,72,169,138,221,343,334,327,523,45,859,138,1810,149,464,43,917,65
75,952,216,3,12,1637,2011,141,1991,238,216,1966,2010,1939,628,216,2010,1107,3220,610,1966,2010,2011,778,2011,221,343,73,102,322,138,55,153,952,216,524,12,247,135,124,201,114,173,102,1758,12,60,67,216,2010,1939,304,767,2206,1220,111,1348,575,55
448,25,1489,330,337,3152,629,221,55,464,48,923,124,201,537,3648,390,86,443,509,583,103,372,92,139,109,25,76,196,2391,1220,221,343,138,577,1101,39,523,216,1069,48,330,629,337,3152,221,493,3649,1069,523,322,390,138,2012,3650,610,221,972,92,452,551,122,870,92,12
531,283,2,3,1528,1351,368,238,122,3,273,3616,3618,1438,3,778,807,3616,3617,727,12,1528,3618,1099,874,593,227,875,23,238,297,78,68,882,1528,92,227,403,274,470,42,238,402,656,3663,711,3664,227,387,311,42,238,274,79,921,200,122,86,3618,238,311,274,3664,9,3665,79,921,200,463,921,2782,78,115,9,567,347,882,2752,62,652,2432,1483,1028,227,829,1204,114,3664,3,3618,825,1528,747,576,3,2060,504,1528,1351,3,42,499,3666,3667,3618,235,2432,1483,3664,940,1204,88,747,1873,336,184,2683,227,504,104,606,1528
218,607,364,435,959,65,364,173,175,207,837,486,434,2159,121,726,57,240,1657,469,966,3672,78,153,1105,105,218,607,364,175,278,27,104,83,224,364,424,67,2149,214,344,515,531,240,219,1059,240,52,240,706,175,1003,531,514,218,607,364,1460,488,124,484,54,173,121,175,75,3673,187,218,607,216,364,246,52,218,1009,3674,48,364,1021,1617,3253,104,531,240,219,86,1059,52,364,1172,762,1340,2442,1460,435,1388,538,641,52,995
131,3,537,515,92,84,124,25,9,62,675,139,2916,411,48,153,1589,398,131,12,214,400,131,3,226,62,877,38,48,153,84,304,240,1594,398,131,3,845,1311,602,742,38,400,398,131,12,425,78,344,398,131,3,751,547,25,259,620,622,118,398,348,109,398,348,109,518,404,398,260,2446,622,118,131,640,530,531,567,25,343,9,91,344,45,398,131,12,400,483,131,3
363,1655,224,237,65,251,138,322,278,167,369,65,78,75,79,12,326,65,418,86,138,66,29,102,179,178,115,2157,431,214,12,301,1095,79,83,224,138,1057,138,2695,2301
701,4,3,51,124,387,293,1410,225,1038,705,1410,225,75,491,1410,225,604,2753,2847,295,225,482,1410,225,435,3748,694,206,705,1410,1108,717,225,1410,225,255,1410,257,105,604,3749,370,295,225,296,289
78,317,9,127,463,921,998,710,210,67,400,772,912,306,233,396,368,1623,29,521,2133,998,710,210,214,127,660,92,829,219,2152,214,138,62,29,5,176,544,439,463,921,9,1186,673,636,127,143,249,104,199,696,115,138,550,42,24,2152,9
493,164,511,28,5,302,51,519,323,2,251,9,387,164,178,651,229,73,829,86,1496,62,2017,187,3793,102,146,3794,62,238,167,229,651,216,537,538,207,607,21,948,229,77,219,28,1800,336,970,582,60,201,343,1338,577,1444,322,92,493,720,344,278,357,358,2548,1193,9,402,38,45,2500,63,1722,425,214,164,1228,76,231,284,415,124,201,1249,51,108,706,164,87,15,16,135,542,519,323,2,92,877,1386,3793,102,221,212,187,70
75,304,225,138,1636,234,2782,347,1033,535,387,225,255,287,1637,2011,227,597,403,342,39,62,225,2284,225,1883,519,323,2,1057,672,3,39,238,1636,2352,3795,1105,1638,234,597,431,247,214,138,173,221,216,3,39,1801,114
78,577,597,3219,102,216,48,3211,39,214,48,413,25,597,3219,1420,251,9,1392,3211,459,39,1111,960,511,251,9,302,1792,304,880,47,489,221,455,3211,268,1789,337,536,124,2778,9,1001,48,593,3211,138,149,233,23,39,226,419,824,127,251,448,240,139,413,25,12,115,102,425,357,358,153,597,3219,543,62,411,727,102
432,61,2172,57,3802,102,191,1418,1064,206,434,448,418,146,759,151,114,151,1698,306,236,285,2508,12,581,9,216,432,131,125,436,623,117,432,2150,234,2147,1064,418,1667,1064,418,127,36,124,219,432,2150,2588,857,3803,346,36,124,252,84,432,441,39,216,124,157,513,1061,65,432,2150,554,78,57,432,61,346,1061,65,432,2150,311,1362,2214,117,75,79,113,114,447,114,320,1579,3804,2189,702,2214,117,30,114,669,1089,528,1579,2189,240,717,191,1064,329,2516,112,408,240,1355,129,447,114,30,114,55,298,315,114,880,2812
993,29,1068,370,3548,225,162,225,1068,370,3816,67,128,138,317,921,360,251,2305,537,2051,466,9,602,3672,77,1646,342,178,469,940,746,660,78,567,77,879,215,198,127,12,604,869,342,178,3548,67,3816,2012,48,469,368,198,1068,370,3218,521,469,1006,398,421,3548,216,3817,436,1061,1796,746,127
84,413,2,3,39,429,263,460,257,520,738,263,460,913,316,554,198,1634,110,496,830,368,2555,124,1841,1061,368,1526,388,1634,110,88,198,507,336,429,9,48,1102,507,733,343,1634,110,8,448,464,153,39,219,3818,913,3819,913,1092,3138,875,3820,2390,1310,1995,434,114,772,25,464,149,448,78,214,3821,39,3820,1310,39,913,138,429,738,460,3821,259,1052,971,138,626,3822,141,48,913,460,257,738,338,460,362,86,1092,766,1093,766,1092,766,315,1310,3820,1093,766,23,2303,3820,1310,507,400,913,507,213,264,121,216,524,118,2523,460,257,3821,507,212,268,913,507,3822,1678,779,213,703,121,216,524,108,484,483,25,772,452,232,3821,25,127,1629,1355,3820,173,812,641,448,153,1402,3822,3821,3820,149,198,92,249,448,2152,485,387,48,3821,39,429,48,338,460,738,48,338,257,48,3821,713,42,259,472,226,65,169,179,178,39,723,198,336,507,738,429,9
135,136,327,12,111,448,223,177,261,464,3,517,448,1299,176,1691,233,219,1270,772,225,2080,161,3828,1794,261,25,219,131,198,25,589,450,25,613,151,78,75,23,48,215,652,136,555,1068,132,125,3829,2833,3830,1317,79,12,322,320,1794,1076,3831,12,27,320,421,1539,555,1068,3,251,1299,23,111,1539,555,1068,1223,3,146,132,125,48,3832,132,125,111,448,1299,216,656,127,25,272,589,25,3833,131,583,1317,287,3,401,146,25,272,1172,869,3834,198,25,409,3,3835,42,417,146,25,272,3114,67,128,136,327,132,125,13,213,604,25,315,198,587,1769,1270,772,23,24,132,125,141,3097,3,39,322,83,398,140,73,338,8,216,1442,3836,1764,3830,1588,2305,136,137,136,327,127,132,125,311,447,664,100,322,136,555,3,1270,435,136,137,3,136,327,3,132,125,111,697,513,9,707,324,48,3,628,112,25,219,48,131,125,25,111,613,151,344,121,607,240,12,115,263,871,537,774,1326,138,111,697,513,3,86,596,284,2408,979,124,1636,124,201
