2480,1185,1673,341,1290,394,1610,35,1812,516,2455,373,1353,394,1636,1252,1785,1237,1453,903,1650,1165,1959,901,1673,67,1419,1056,1941,257,1948,1
2480,1185,1673,341,1290,394,1701,610,1812,478,1769,1252,2203,659,2530,593,1663,35,1514,516,2506,1165,2519,1177,2231,591,1636,1122,1959,360,2532,24,2534,147,1405,724,2235,1261,2066,749,1936,578,1913,2
2480,1185,1673,341,1290,394,1610,35,1812,516,1650,1165,2455,373,1917,355,1938,19,1367,1231,1434,130,1896,289,2425,341,1917,394,2176,91,1938,139,2554,59,1673,425,1940,163,1551,394,1701,500,1786,421,1506,659,1566,745,1328,360,1764,1043,2
2480,1185,1673,341,1290,394,1610,35,1812,516,1650,373,1917,643,2456,646,2469,355,1870,1165,2530,100,1673,163,2045,488,1507,424,1514,387,1636,608,1749,575,1729,680,2453,469,1319,355,1304,575,2432,370,1891,337,1393,704,2410,571,1266,875,1330,873,1266,410,1872,1033,1507,736,1498,599,1507,747,1514,773,1
2456,1163,2433,1143,2479,1171,1393,394,1610,1186,2480,1185,2458,1152,2491,52,1353,516,1429,754,1673,35,1812,646,1771,643,1673,663,1592,315,2460,875,1879,148,2057,257,1760,725,2251,631,2345,727,2554,78,2051,631,1879,343,1991,552,1879,468,1405,2
2456,1163,2433,394,1610,341,1673,1186,2479,52,1304,366,1416,1175,1656,1206,1747,1133,1960,1231,1870,516,1812,19,2395,130,2425,610,2554,1141,2458,1190,2452,13,2397,163,2045,1104,1266,605,1870,1204,2499,750,1394,930,2460,1153,1282,831,1273,1000,1880,248,1878,241,1978,903,1974,1182,2231,1192,2363,890,2231,1062,1
2480,1163,2504,1186,2456,394,1321,1175,2517,478,1304,660,2530,498,2565,769,1917,653,2433,52,1337,20,1481,1252,2395,52,2435,168,2544,1250,1710,1185,2519,91,1281,1143,1268,167,1489,775,2458,1120,1288,635,2471,457,1304,1106,2412,516,1610,940,2104,1055,1654,671,1290,1053,2
2410,1185,2433,341,2395,1165,1276,67,1610,394,2504,69,2532,1228,1361,516,2506,500,1438,179,2554,67,2519,479,1673,1208,3
2456,341,2480,394,1301,478,2504,462,1542,466,1474,1185,2506,341,1319,659,2530,656,1803,1194,2544,1231,2203,1165,1281,69,1482,1106,1290,188,2207,67,1419,1214,2211,1177,2519,876,1472,1032,1541,321,2432,353,2412,479,1629,932,1612,917,1482,992,1771,52,1612,186,1473,994,1466,950,1582,1122,1616,918,2433,922,1461,85,2414,1110,2446,915,1591,1141,1616,1139,1467,836,1582,1138,1590,61,1740,127,1536,1250,1483,240,1473,106,1483,1248,1490,1228,1500,1185,1509,239,1500,238,1491,1247,1499,1226,1506,237,1515,1184,1506,1182,1498,236,1506,1224,1498,1246,1489,1244,1
2456,1165,2480,341,2458,368,2506,359,1673,1185,2519,1177,2412,1208,1276,1120,2532,1228,1384,1106,1268,1104,2433,1141,2427,13,1685,1250,2551,1093,2080,232,2461,231,1941,240,2024,726,1409,40,2436,148,1266,112,1722,800,2133,804,2435,232,1592,1103,1612,13,1604,132,1743,802,2143,1012,2449,278,1582,216,1812,1206,2133,1212,2420,224,2073,232,2067,231,2142,222,2436,214,2112,206,2037,261,1597,207,2034,200,2438,207,2440,200,1861,209,1582,1102,1848,1
2456,1163,1610,1186,1301,19,2395,130,2425,394,2479,54,2433,9,1673,366,1287,659,2530,627,2556,335,1872,366,1874,341,1656,479,2476,620,2258,747,1481,757,2034,744,1482,2
2480,1186,2506,1163,1610,660,2530,593,2456,1141,1321,315,1673,321,2481,1104,2397,1122,1872,427,1592,341,1639,148,2493,725,2432,1139,2556,516,2558,903,1361,392,1427,1196,2284,1208,2133,610,2412,1108,2445,316,2560,1231,2532,54,1936,114,2534,1138,2103,1120,2547,734,1498,1136,2263,1135,2324,698,1499,1217,2064,341,1712,466,1798,581,1508,894,1517,655,1510,389,1502,813,1661,240,3
2479,1185,1673,1165,2456,359,2480,418,2432,478,1602,485,1552,1184,1769,1163,1664,1231,1893,610,2412,324,1266,608,2133,337,1743,1171,1506,1104,1287,1108,2445,993,2135,788,2458,1014,1995,723,1393,571,2414,570,1498,1122,2556,67,2154,624,2205,35,1815,516,1419,1214,2532,749,2233,771,1490,669,2374,173,1500,52,2558,1241,2551,1252,1509,1185,1502,616,1495,1184,1487,1182,2
2456,1186,2480,394,1673,478,1319,1104,2397,1163,2412,1108,2399,1116,2444,20,1301,1122,1383,1127,1375,341,2412,437,2423,13,1377,999,1685,358,1610,552,2133,593,1821,241,1592,392,2152,1141,1818,997,1974,675,2328,521,1490,467,1483,769,1618,537,1544,545,2157,718,1494,1171,1774,1214,1550,745,2530,772,1502,762,1492,1231,1484,642,1474,240,1465,832,1474,658,1537,543,1477,545,1478,548,1486,550,1494,548,1501,903,1509,3
2456,1163,1673,341,1610,1186,1301,52,2397,394,2410,516,2479,366,1769,1175,1694,1122,2506,24,2530,321,2556,852,2558,1141,2432,354,1490,1185,2476,13,2493,319,1489,460,1541,725,1377,856,2560,717,1
2480,1185,1673,341,2432,69,2456,394,3
2480,1185,1959,1231,2037,372,2086,374,2083,372,1290,1163,1405,468,2433,372,2456,721,1367,736,1651,759,2231,772,1965,779,1900,100,2277,96,2007,86,2391,191,1991,125,1600,1228,1592,359,1619,225,1729,117,2176,1226,2186,93,2112,344,2105,345,2309,86,2109,102,2285,80,2279,100,2504,65,2506,168,1780,1206,1659,232,1701,1224,2387,1204,2292,239,1655,247,2293,1222,1499,238,1559,281,2219,221,2435,270,2410,205,2210,196,2365,258,2412,368,2234,202,2232,203,2234,202,2232,3
2456,1163,1673,394,1610,1141,2480,1186,2481,366,1769,1175,1701,1208,1769,1206,1610,721,1281,54,1301,1106,2506,1109,1960,1231,1917,1117,1991,37,1869,593,2039,69,1321,175,2258,800,1857,63,1769,1212,1984,1146,2395,103,1490,341,2124,573,2410,995,2103,529,2483,992,2260,548,1482,57,1
2456,1163,1337,341,1673,91,2479,1185,1610,19,1280,627,1812,1194,1758,1228,1785,492,1656,139,1747,1133,1397,232,2132,986,2395,52,2499,1235,2254,241,2458,808,2504,1004,2219,1059,1422,482,2433,112,2180,820,1499,36,1490,358,2530,1216,2565,455,2155,836,2324,52,2327,1141,1483,1106,2506,1104,1492,1252,2532,232,1502,1208,1511,241,1556,4
2480,1185,2456,1189,2017,1143,2556,1163,2481,1208,1673,91,1694,67,1579,530,2432,112,2501,492,2412,531,1377,438,1337,516,1311,937,1330,873,1429,930,1325,903,1673,17,2133,7,1701,939,1482,1252,1673,850,1398,2
2480,1185,1673,394,1610,1163,2455,1161,1587,67,1771,587,1673,341,2491,2
2480,1185,1673,341,1290,35,2432,394,2456,1165,2469,1163,2491,372,1771,382,1405,468,2433,324,2027,279,2448,1111,1787,232,1810,67,1812,1097,2203,224,1610,132,2209,45,2207,94,1301,1141,2127,1139,2216,215,2382,1120,2225,1117,2166,223,1593,222,1383,71,1289,123,2266,223,1327,2
2480,1185,1673,1165,2456,1163,1304,1189,1757,394,2481,408,1610,610,1337,341,1758,591,1290,466,2017,1122,1280,691,1751,232,1734,2
2480,1185,1673,341,1280,394,2456,478,2476,20,2432,35,1879,485,2231,1122,1396,1173,2006,54,1879,408,1337,21,2027,1043,2277,385,2231,354,1482,490,1473,163,2
2480,1185,1673,341,1290,35,1812,394,2455,1163,1405,468,2491,723,1610,608,1701,646,1625,67,1744,1252,1627,1214,1673,517,2203,869,2433,846,1820,627,1629,932,1654,624,1744,747,1514,729,1
2456,1163,1673,78,2532,179,2554,166,2498,341,1610,1185,2506,1208,1348,19,1960,1231,1940,589,1812,466,1758,1206,1942,1184,2432,363,1515,449,2131,723,2445,240,2333,231,2269,394,1961,809,2504,1193,1425,840,1506,366,1299,586,1514,406,1
2480,1185,1673,394,1304,35,1812,516,1771,1165,1673,903,2203,91,2432,1163,2412,166,2047,1175,1416,478,2350,23,2456,359,1629,394,2211,144,2265,1252,2261,1143,1654,478,2451,498,1337,363,1498,466,1940,575,1938,608,1321,392,1940,477,2516,764,2
2480,1185,1673,341,2456,20,2432,11,2458,355,1771,1141,2530,1165,1612,394,1348,516,1812,91,1872,389,1425,166,1724,478,1896,410,1612,627,1760,725,2066,146,1337,608,1957,813,1629,1208,2410,1228,1959,1235,2532,598,2433,716,2124,598,2019,248,1992,247,1978,765,1514,1202,2258,891,2002,2
2456,1163,1610,394,1673,91,2554,104,2479,341,1629,139,2
2480,1185,1673,341,1290,1165,1308,355,1295,1133,1757,1141,1673,394,2455,1228,1439,1104,2456,1163,2476,1175,1429,69,2027,150,1457,1193,1812,241,1629,1215,1559,249,1342,171,2501,25,1506,800,2253,899,2354,1214,2203,40,1654,1139,2410,13,1701,1145,2513,248,2354,1123,2203,247,2514,293,2212,247,2214,246,1924,286,2203,1141,1507,25,1508,246,2507,238,2103,50,2152,1250,2556,1103,2203,1102,2212,239,2203,238,4
2480,1185,2455,35,1673,341,2432,394,1353,1165,2433,91,1836,23,1712,1252,1321,591,2554,104,1678,517,2435,12,1629,1163,1800,94,1658,739,2491,468,1813,476,2516,686,1732,987,2480,104,2532,94,1319,901,2556,107,2534,355,1352,78,2500,442,2404,908,2510,209,2412,121,1409,1041,2456,1189,2198,151,2347,1106,2552,1159,2219,200,2563,1158,1464,1155,1459,588,2410,875,2272,581,1460,560,1461,521,1467,867,1
2480,1185,1673,1163,2491,1184,1694,35,1610,627,1769,747,1778,165,1552,394,1673,516,2433,468,2452,359,1290,394,1701,1252,1710,91,1853,940,2203,1044,1545,904,1499,367,1491,407,1484,896,2034,478,1548,1207,1494,188,2549,1231,2461,248,2472,1228,2440,247,1911,256,1503,1204,1929,257,1948,1
2479,1185,1673,341,2456,1163,2476,91,2556,479,1281,1143,1268,52,1877,166,2543,488,1498,466,2504,487,1499,627,2480,356,1491,77,1483,127,2324,370,2491,621,1482,724,1474,586,1466,602,1610,340,1467,586,1460,1120,2204,224,2124,1118,1
2480,1186,2456,1163,1610,19,2395,11,2412,23,1673,1175,1769,1206,1614,1185,2
2480,1186,1673,1163,1610,1141,1281,54,2455,123,1734,1106,1610,1161,1651,341,2432,529,1812,517,2451,466,1669,1151,1854,35,1337,1206,1656,372,1682,411,1810,1097,1311,1122,2249,547,1394,706,2003,1131,2329,208,2122,207,2164,206,2410,372,2099,205,2098,206,2398,207,2339,1212,2350,357,2355,208,2221,321,2166,207,2506,903,2167,901,2456,895,2458,1067,2460,866,2089,861,1499,354,1490,318,2097,208,2100,207,2164,208,2462,1041,2154,902,1500,353,2094,369,1501,412,1500,931,1491,902,1500,369,1501,412,1502,1104,2096,207,3
2480,1185,1673,341,1610,35,1304,1165,1812,394,1280,1106,1268,1120,1277,516,1701,1231,2455,91,1872,355,2554,67,1896,120,2444,333,1917,431,1636,468,2491,1252,1654,333,1453,903,1681,257,1777,741,1926,256,1948,1
2480,1185,1673,394,1610,35,1290,1165,1812,67,1419,1214,2455,1163,2395,1175,2475,713,2335,329,2412,517,2427,456,1771,348,2346,1043,1276,866,2176,1032,1754,351,1673,488,2543,1141,1429,1237,2433,216,2506,1185,1610,215,1636,1194,1780,1120,2447,266,1636,213,1784,221,2504,1139,1654,228,1507,1104,1610,220,1587,1138,1742,268,2506,1103,2508,204,2510,259,2512,203,2514,1102,1916,204,1929,203,1849,195,1499,194,1490,1101,1482,1252,1473,1250,1834,1
2480,1185,1673,341,1280,1106,1290,1208,1610,35,2456,144,1757,466,1321,341,1308,417,1290,1165,1960,411,1917,347,1813,1206,2500,491,2184,67,2341,725,1991,875,1319,476,1654,549,1989,1148,1365,497,2258,100,1335,308,1436,175,2203,156,2350,411,2107,516,2308,1064,2319,916,1
2480,1185,1673,1165,2456,1208,1281,1143,1268,1120,1277,1106,2554,427,1602,1189,1757,1141,1575,1139,1743,1130,1393,24,1874,341,1812,368,1771,1213,1308,146,2018,852,1453,1242,1905,69,2081,963,1960,958,2083,956,2506,1194,2365,224,2203,550,1498,1017,2556,969,2481,633,1
2480,1250,2456,394,1610,1165,2554,1185,1321,1189,2017,1141,1872,610,1304,341,2504,1231,1280,54,1813,1106,1396,1133,2020,725,2341,148,1706,516,2176,813,2341,67,2330,359,1394,456,2328,1206,1676,1212,1798,928,2265,248,1657,255,2556,83,2532,1193,2551,190,1700,179,2378,254,2266,299,2258,252,2278,243,2
2480,1185,1673,394,1771,1165,1290,1177,2455,67,1419,1214,1321,341,1812,1231,1629,1250,2554,1122,2395,35,1394,1131,2412,1146,2405,443,1612,585,2432,701,1821,359,2105,539,1731,831,2152,1143,1978,516,2022,834,2115,930,2057,257,2
2480,1185,2455,1141,1610,52,1673,341,1321,1231,2530,1208,1361,1206,2500,1236,1812,610,1427,394,1592,225,1701,1252,1654,963,1453,954,1438,357,1917,627,2
2480,1141,2432,1186,1673,1231,2433,394,2455,96,1610,516,2410,341,1266,1122,1872,24,1319,1106,2556,1120,1812,1117,1636,1124,2121,468,2491,368,1771,158,2506,80,2235,1190,2452,146,2261,573,1335,166,2543,1163,2265,181,2568,813,2508,639,1498,749,1915,720,1507,681,2528,1220,2002,672,1508,687,1509,1101,1877,930,1919,1068,1554,1098,1509,1161,1501,1159,1500,547,1501,767,1500,1157,1499,524,1498,1156,1499,580,1
2480,1141,1610,1165,1281,341,1673,1106,1304,1231,1290,394,2455,96,1308,516,2456,91,2410,1151,1757,139,1747,1133,1396,852,1754,1026,1321,1017,1812,478,2504,109,2517,993,1306,552,1371,992,1652,1063,1551,686,2530,733,1507,736,1499,831,2
2480,1163,1894,1143,2481,1208,2456,1231,2506,549,1673,1250,2556,106,2530,1106,2410,91,2501,492,1266,593,1361,188,2387,575,2041,1
2480,1185,1959,1165,1281,1143,1290,1231,1917,627,2053,492,1673,106,2455,91,1453,166,2543,329,1629,517,1813,1120,1431,216,1277,1104,2397,1117,1612,804,2506,1163,2491,468,2198,1194,1656,987,2456,1141,2469,306,1426,425,1344,932,1799,215,1657,479,1417,1073,1311,1064,2215,1252,2211,394,2410,408,2209,508,2176,875,2195,917,1465,387,2184,276,2212,479,1417,282,2436,852,2
2456,1163,2480,1175,1337,67,1281,54,1610,123,1734,1186,1940,610,1813,394,1894,341,2432,517,1398,903,1728,439,1269,589,2504,1193,2543,69,2433,989,2435,591,2506,341,1289,587,1673,875,2412,873,2414,327,1269,661,1656,882,2079,512,1703,1263,2436,1133,2429,457,1411,150,2180,321,2156,209,1464,1208,2136,11,2258,489,2263,1185,2476,1213,2381,504,2
2480,1185,1673,341,1610,19,1280,1106,1396,1133,1812,130,2425,394,1771,478,1959,610,1266,1231,1917,737,2456,624,1874,1163,2532,765,1514,78,2504,622,2517,736,1917,1250,2035,157,1506,963,2127,517,2433,883,2370,1171,1311,1153,2
2456,1163,1337,341,1673,394,2479,91,1319,1185,2476,366,2231,20,2432,11,2554,166,1425,659,2018,1206,1905,610,2051,339,2412,354,2016,2
2480,1185,1673,1163,1281,341,1610,1106,2410,1109,1734,1175,1701,797,2
2433,1231,1610,96,2456,394,2479,1122,1673,24,2458,1165,1304,1143,1820,516,1812,1152,2452,468,1758,146,1634,1185,1673,166,2543,359,2480,394,1514,1104,1353,852,2258,846,1836,552,1870,1163,1321,1161,1353,936,2506,1120,2519,737,1917,785,1337,608,2481,357,2127,489,2209,464,2016,836,1987,1075,1558,838,1507,839,2339,158,2209,1208,1847,862,1831,240,2284,1250,1849,873,1917,587,2209,1206,2352,737,1838,588,2019,1039,1498,862,1489,1004,1498,993,1507,821,1500,1103,2
2433,1185,2455,1163,2410,1171,2426,20,1301,610,1673,341,2479,314,1821,54,1383,1141,1974,1122,1825,1146,1602,394,1847,516,1590,808,1978,2
2433,1186,2456,1122,1820,24,1610,1143,1654,1165,1337,1208,1761,148,1407,725,2176,372,2479,1106,1673,359,1319,516,2395,1120,1853,1130,2000,1252,1874,811,1812,1141,2469,706,2152,549,1634,368,1836,686,1732,353,1402,1035,1614,175,1559,869,1773,852,2480,1014,2324,862,2412,791,2165,240,1642,233,1658,240,1614,995,2115,788,1726,231,1615,223,2189,215,2356,206,1632,859,2144,197,1589,204,2
2433,394,2456,1186,1353,1143,2435,1122,1610,1131,2469,134,2395,1252,1301,1163,2479,366,1706,462,2014,1185,2412,52,2152,1141,1758,24,1697,146,2018,341,2006,232,1679,231,1304,852,1847,850,1841,1146,1822,1016,1482,1085,1635,232,1617,224,1764,1043,1979,231,2480,788,1291,239,2057,246,1924,253,2531,1
2480,1185,1290,394,2455,35,1673,1165,1812,91,1610,1143,1321,154,2516,516,1894,549,2124,683,1580,544,1277,329,2456,478,2476,1177,2343,335,1874,436,1771,339,1881,470,1984,479,1991,813,1978,411,2370,257,2374,1074,1859,1252,2004,423,1857,1250,1839,392,2060,256,2554,59,2052,1231,1929,255,2433,1248,2435,21,1847,71,2480,1228,2481,1226,2566,246,2483,292,2485,244,1851,245,2043,244,1952,237,2487,238,1953,237,2436,244,1925,245,2438,2
2480,1143,1673,1163,2455,394,1337,91,2554,166,2543,329,1348,1185,1353,69,1429,171,1610,516,1812,1175,2475,339,2025,818,2251,1032,2335,69,2410,875,2412,315,2346,150,2395,1122,1332,343,1578,1141,2427,1131,2397,1106,2399,323,2433,358,1610,115,1580,3
2480,1185,1673,1165,2456,1208,2476,1213,1610,67,1353,69,1420,740,2554,341,1280,54,1636,593,1396,136,1610,627,1812,517,1636,608,1701,646,1941,209,1610,394,1922,752,2500,1231,2528,1263,1682,366,1769,156,1810,1097,2432,963,2253,50,2222,63,2203,50,2410,1228,2433,37,2412,1106,2121,1226,2566,1080,2504,978,2414,1109,2446,50,2395,5,2135,50,2137,1007,2405,33,2209,123,2284,200,2290,207,2532,59,1499,13,2534,1143,2188,1163,2215,206,2352,265,2536,213,2538,221,2217,213,2540,1141,2190,205,2018,1139,2117,1138,2308,1128,1878,204,1874,203,2506,1136,1878,202,1840,210,1855,218,1892,1
2456,1186,2433,1165,1610,394,1337,2
2480,1185,1917,394,1922,341,1917,355,1874,19,2
2456,1163,1610,341,2480,1175,1769,466,2432,78,1304,591,1614,575,1427,752,1632,604,1321,759,1821,1143,2017,769,1813,772,1673,661,1676,748,2412,875,2026,1
2480,1163,1959,1185,2037,610,2018,1143,1877,1141,1821,54,1836,67,1843,54,1991,341,1981,593,1847,355,1579,549,1831,593,1978,341,2002,134,1592,321,1579,610,2432,736,1481,353,2504,610,1402,10,2410,37,2412,15,2506,175,1281,241,1294,185,1447,394,1673,1231,2508,1236,2556,248,2456,408,1353,608,1656,386,1482,507,2385,672,1483,673,2458,875,1411,1208,2259,255,1683,254,2460,174,2462,533,1296,23,2465,137,1965,1204,2085,245,1717,299,1679,245,1946,236,1635,235,2053,1202,2048,226,1609,1
2456,1186,2480,659,2530,736,1651,769,2
2480,1185,1673,19,2432,35,1579,394,1612,478,1692,165,1490,35,2456,23,1673,1163,1353,591,1688,547,1891,1171,1915,685,1500,669,1548,701,1393,1231,1433,241,1368,232,1958,223,2231,1143,2242,232,1357,875,1367,722,1500,737,1840,1141,2214,288,2352,1104,1921,78,1957,341,1908,249,1948,1
2480,1163,2491,394,2433,91,2504,78,1610,1143,2471,1133,2532,94,2456,1186,2554,19,1301,721,1706,605,2395,315,2405,443,1820,334,1481,431,2006,359,1981,327,1978,333,1821,359,1676,355,1798,1263,1592,516,1757,721,2410,831,2556,339,1827,589,2412,320,1816,462,2014,610,2414,627,1348,521,1852,586,1872,875,2017,1038,1473,1023,1483,852,2133,876,1492,1207,1494,903,2545,1236,2416,852,2418,831,1550,241,1555,233,1511,241,2558,249,2560,257,2571,249,2506,932,2419,1013,1309,1
2480,1185,1290,341,1673,1206,2500,1163,1277,170,1812,627,1610,1161,1636,589,2455,517,1353,903,2203,209,1872,1106,1363,67,2433,91,2554,166,2543,899,1942,958,2209,1082,1439,1252,1363,1228,1349,394,2205,468,2452,321,2395,468,1405,723,2412,748,2352,52,2215,161,1325,1250,1457,1226,2566,765,1498,658,1490,609,1498,658,1490,642,1489,634,1490,669,1500,673,1492,688,1403,597,1485,1248,1475,1121,1466,1247,1289,537,1276,1246,2506,80,2456,144,2508,684,1
2480,1163,2491,723,1610,607,1894,732,1414,78,1304,1231,1427,1236,2395,106,2456,127,2324,394,1673,516,1812,875,2554,341,2171,1120,1734,1106,1749,809,1726,804,1614,877,1656,1004,1747,995,1776,241,1782,249,1632,1017,2253,806,1717,248,1679,247,1661,248,2458,241,2460,848,1747,804,1646,1250,2462,248,2465,793,1640,800,1784,1026,1806,247,2184,844,1943,256,1681,257,2191,1
2433,1163,2452,723,1610,566,2456,394,2480,91,2504,104,1393,2
2480,1185,2455,35,1673,1165,2556,1252,1685,341,2456,144,2432,35,2412,23,2397,1106,2399,802,2407,2
2480,1141,1290,341,2554,355,1610,529,2455,1186,1651,1122,1321,474,2029,1163,2491,1190,1405,544,1380,683,2133,703,1303,605,1898,736,4
2480,1185,1651,341,1600,19,2530,394,2506,516,2519,479,1634,1165,1304,91,1319,1141,2554,1151,1592,152,2029,529,1579,940,2532,389,2047,1053,1498,813,2455,890,1507,605,1612,599,1508,1085,2075,894,1768,1174,2534,618,1
2456,1185,2476,1163,1610,1161,1592,1159,2016,35,2556,341,1353,1208,2501,1237,1337,1206,1398,591,1325,479,1855,408,2086,691,2074,224,2085,231,1962,514,2479,683,1291,239,2176,699,2190,20,1498,705,1651,563,1742,130,2247,396,2281,1204,2499,19,2261,173,2235,67,2508,34,1489,20,1481,876,1473,863,1472,110,2237,31,2532,891,2535,230,2263,358,2510,366,2536,485,2260,890,1473,366,2512,819,2514,822,1483,1076,2538,386,1536,953,1465,33,2046,824,1473,1104,2558,1103,2560,1102,1913,163,2563,822,1472,1101,2540,1099,1
2456,1163,1610,1186,1673,69,1353,54,2479,341,1304,1208,1337,427,1592,516,1749,710,1398,936,1349,392,1812,1185,2476,479,2397,358,2399,323,2400,1122,1872,343,2107,114,2410,54,2480,1175,1416,875,1380,1001,2203,875,2433,411,2412,1120,2446,445,1874,121,2133,69,1296,459,2143,852,2309,323,2343,838,1650,1046,1913,1063,1551,397,2356,411,2143,355,2401,1252,2403,256,2188,368,2339,247,1911,256,2190,408,1967,247,1911,256,1899,1206,2052,1231,2064,248,2186,1250,1942,240,2069,232,2112,224,1949,2
2456,1163,1337,78,1610,341,1758,723,2479,63,1673,1186,1304,20,2432,11,1416,735,1812,394,2412,23,2395,1104,2423,115,1872,516,2124,372,1874,587,2433,661,2554,646,2133,937,2068,504,2321,873,1656,882,1798,1263,1398,137,2332,873,2163,811,2458,1190,2452,1039,2397,804,2157,1228,2249,1226,2566,500,2088,860,1
2479,1163,2410,78,2455,1161,2480,94,1353,341,1579,321,1592,1143,1757,721,1321,565,1301,699,1673,465,1402,719,1278,1186,2016,122,1629,875,1857,141,1490,105,2504,394,2296,106,2346,279,1878,359,1881,1228,2176,1226,2023,1
2480,1163,2491,723,1610,607,1319,394,1673,78,1771,2
2530,1185,1348,394,1710,1163,1812,1184,2410,341,1276,69,2456,1187,2489,1161,2203,516,1894,91,1872,19,1579,140,2205,31,2504,119,2133,112,2525,500,2148,19,2231,52,1323,591,1340,593,1701,766,2397,321,2433,1169,2556,593,2209,394,2316,121,2237,36,2456,145,1507,1136,1391,588,1323,478,2
2480,1163,2491,723,1917,67,2433,624,2556,640,1991,604,2034,2
2456,1163,2433,1171,1821,54,2000,341,2458,368,1877,408,2554,1185,1872,305,2480,394,2504,35,1651,516,2412,23,1600,1143,2414,1152,2491,610,2460,608,1636,723,2018,468,2532,1228,2556,1240,2534,392,1361,405,1793,1257,1409,811,1340,1040,1456,248,2287,1222,2341,1221,1482,343,1276,619,1474,749,1304,1184,2231,635,2536,1187,2548,742,2338,446,1476,288,1532,720,1467,875,2397,868,1403,722,1468,592,1467,590,1468,61,2399,1122,2400,584,1478,647,1470,231,1527,649,1471,1120,2401,679,1480,1117,1488,1116,1497,1114,1505,1112,1497,555,1
2530,1185,1348,627,1710,35,1812,663,2410,1184,1276,52,1579,1206,1676,394,2455,408,2475,773,1
2456,427,1673,1186,1701,627,1654,624,1874,408,2504,20,2432,84,2525,764,2554,660,1672,1141,2469,1185,1896,341,2410,1104,2412,1108,2445,795,1610,1007,1266,923,1636,925,2530,643,2556,733,1768,928,1361,355,1812,475,1514,499,1507,483,1551,1122,2448,112,1612,35,1771,14,1507,48,1690,109,1785,1237,1612,132,1500,51,1491,225,2558,904,1483,64,1475,74,2418,125,2397,1164,1483,216,1340,875,1455,1161,1340,14,1482,1159,2399,65,2560,77,1481,191,1323,40,1335,1157,1319,1206,1335,1204,1319,1206,2400,207,1332,1202,1290,1204,1304,1200,1290,92,1473,100,1474,1198,1467,537,1474,1154,1304,558,1467,519,1
2480,1163,1610,1175,1769,394,2455,91,2504,104,2532,94,1319,1122,1353,1252,1429,1197,1872,1141,1813,52,1761,725,2395,608,1710,522,2432,521,1473,522,2103,2
1673,1206,2479,1163,1656,1120,2480,1175,1385,1143,1290,585,1682,704,1810,1182,2516,660,2530,640,2064,1217,1812,1228,2410,96,1703,109,2247,224,1657,231,1794,13,2384,238,1717,239,1700,238,1717,239,2247,247,1682,248,2455,289,1716,359,2480,368,2456,389,1507,466,2432,130,1742,248,1699,59,2554,932,1439,915,1343,247,1353,293,2557,292,2397,387,2412,511,1515,919,1506,951,1514,1078,1767,977,1506,236,1635,281,1747,1185,1727,237,2414,244,2416,1184,2418,973,2420,245,1839,951,1498,236,1616,1182,2399,1181,1489,949,1482,1179,1483,602,1475,838,1468,645,1469,602,1479,623,1469,602,1479,611,1469,602,1479,611,2040,411,2083,397,1956,237,2400,371,1486,410,1818,3
2480,1163,1710,1175,1701,394,1290,1182,2516,1186,2480,1185,1786,585,1810,704,1579,736,1894,585,1592,91,1751,225,2432,603,2034,478,1729,341,2
2480,1163,2491,723,1610,589,1281,341,1673,568,2397,1106,1304,355,1812,488,2047,1143,2412,688,2133,589,2141,1185,1290,427,1276,716,1896,733,2516,67,1419,1214,1266,112,2321,408,2216,284,1654,476,2235,451,2155,989,2304,434,2
2456,1163,1610,78,1758,723,2
2480,1163,2491,723,1610,589,1281,1143,1268,1185,2455,394,1353,1184,2475,715,2335,78,2500,2
2480,1143,1290,1186,1673,1120,1277,1104,1610,1103,1374,1125,1723,529,1610,1250,2456,394,1353,69,1812,549,2481,357,1580,544,1614,683,1832,563,1836,686,1732,321,2395,451,2122,434,2103,13,2304,112,2
1673,1122,2479,13,2433,24,2455,315,1301,1231,1610,96,2480,427,1712,516,1319,903,1853,1185,2456,1189,1587,1163,2491,901,1798,1263,1453,191,1874,612,1812,526,2017,96,1940,544,2176,683,1629,1047,2029,31,4
2480,1122,1280,1143,1268,24,1610,1165,1673,573,2456,1186,1353,1208,1337,372,2481,1177,2476,1213,1771,4
2480,1185,1290,394,1673,35,1771,341,1747,1173,2481,366,2455,410,1812,516,2432,591,2456,23,1304,587,1959,1252,1439,1231,2081,903,1342,591,1948,1
2480,1185,1290,394,1610,415,1673,341,1812,394,2455,52,1353,516,1592,19,2432,35,2456,1189,2451,1106,1610,19,1580,408,1411,471,2554,1120,1384,1109,1610,394,1734,478,1874,24,1749,852,1592,341,2034,52,1760,2
2480,1185,1673,341,1290,427,2456,1189,1757,466,2017,1141,1902,69,1453,530,2432,516,2071,1
2480,1185,1290,394,1673,341,1610,321,1812,52,1701,516,1304,408,2064,1122,1955,35,2084,1
2456,1186,2556,1185,1353,1208,1301,1189,2479,1174,1415,341,1610,1228,1304,1240,2388,19,2392,1096,1455,427,1498,392,1337,423,2395,130,2425,610,1940,780,2530,1163,2077,699,1967,232,1964,225,1996,1161,2451,466,1857,370,1367,224,2177,233,1673,1143,2186,1120,2006,240,1980,13,2354,283,1978,40,1850,13,1635,222,1889,229,2053,24,1734,37,2006,220,1856,229,1337,238,1877,247,1900,256,1925,249,1638,256,1682,249,3
2456,1185,2476,35,1879,1122,2483,659,1673,747,1482,759,1980,769,1993,742,2012,232,1701,20,2432,623,1473,766,1440,2
2479,1185,1290,427,1959,627,2480,1143,1673,1163,1277,1175,1771,35,1812,516,1610,903,1769,48,1785,1237,2057,257,2044,415,2
2479,1163,2455,341,1959,67,2083,1096,2
2479,1165,2455,341,1319,394,1301,54,1673,1185,1610,610,1812,408,2133,517,2554,1250,2566,1259,1650,659,2504,1224,2152,654,1
2480,1163,2455,1161,1673,341,2432,1185,2451,1189,1820,1106,1337,1120,1836,67,1853,1208,2006,232,1398,575,1883,240,1844,20,1685,141,1755,372,2152,357,2491,146,1319,110,1812,50,1654,156,2475,591,2171,809,2152,1228,1366,248,2506,1226,2508,1252,1438,986,2
2456,1163,2480,1186,1281,1143,1304,1120,2412,1175,2432,1187,2016,1206,1872,1252,1942,1261,1439,766,1629,2
2480,1185,2504,394,2556,341,1280,355,1304,1163,2491,723,2433,568,2397,1104,2410,67,1276,517,1266,549,1651,441,2104,112,2304,339,1663,465,1490,391,1498,133,1489,354,1498,319,1894,153,1546,532,1592,357,1610,454,2467,337,2136,1143,1579,435,1491,338,1492,352,1549,441,2176,1030,1502,2
2530,394,1348,341,1673,408,1812,314,1610,1186,2554,427,2456,337,2410,358,2458,1190,2018,69,1877,429,1919,1231,1636,84,1276,1120,1457,1228,1872,24,1681,232,1714,1141,2532,549,2545,366,2511,231,1896,571,2412,1146,1635,230,1748,136,2507,231,1416,1235,1838,1163,1781,224,1405,223,1986,216,1824,208,1397,271,2251,106,1826,214,2185,205,1988,212,2162,219,1875,1
2530,1186,1348,1143,1673,1208,2456,1163,1610,315,1812,372,2554,411,2480,19,1301,516,2395,130,1392,1175,1712,510,2550,1206,2506,777,1317,610,2433,875,1333,1141,2458,1185,2519,737,2412,67,2427,456,1394,40,2233,1122,1306,638,1276,13,2152,1120,2446,123,2178,54,2460,808,1264,1182,2205,1204,1913,188,2163,932,2170,1202,2349,1201,1514,733,1449,920,1348,595,1289,744,1423,819,1507,932,1278,823,1291,2
2479,1231,2456,96,2432,1186,2397,372,1290,516,1673,1163,1304,328,1812,1185,1280,1106,1396,1133,2476,78,1602,91,2530,392,1507,372,2554,167,2047,158,2480,1206,2491,468,1612,96,2176,1252,1301,903,2203,1044,1413,831,2176,591,1652,875,2433,4
2530,1163,1348,1186,1673,69,2455,341,1812,427,1610,408,2554,394,2480,1161,1651,1185,2432,35,2451,1189,2481,357,2532,1231,2395,1206,2534,1122,2412,69,1691,479,1276,13,1821,1120,1976,464,1289,453,1742,721,1380,701,1869,55,1905,241,1308,181,1928,1
2480,1231,1673,96,2530,1141,1348,341,2455,1186,1321,1165,2433,119,1701,109,1812,417,1579,80,1673,516,2481,1177,1367,96,1444,295,1712,249,1592,1184,1416,1185,1940,179,2
2530,1163,1348,1231,1673,96,2455,341,1812,394,1610,516,2554,78,2532,67,2534,1161,2547,171,1654,50,1785,248,1758,723,2
1673,1231,2456,96,2479,1186,1280,372,1610,516,1812,1106,1268,1120,1277,1117,1654,1163,1668,392,1809,302,2554,423,2433,249,2435,1104,2480,1103,1353,80,1450,189,1374,1206,1656,1175,1798,928,1804,981,2530,1204,1941,241,2050,249,2081,996,1946,241,2
2530,341,1348,1122,1673,24,1812,1185,2455,1163,1602,52,2433,394,2452,468,2410,335,1853,475,1514,499,2523,321,1857,1104,1701,610,1786,932,1388,831,1295,457,2006,591,1879,1143,1857,1184,2035,610,1761,224,2042,284,1679,231,1276,1069,2367,286,1444,830,2232,245,1306,873,1386,1035,2238,246,1655,247,1375,866,2242,248,2237,861,1507,247,2556,1250,1296,836,2242,248,1337,840,1500,993,2330,821,1368,240,2141,819,1639,239,1655,230,2412,824,1321,222,2145,213,2414,205,2416,206,1639,215,1654,206,2418,215,2532,216,2169,267,2293,1260,1501,215,2558,222,2560,1050,1547,230,2272,231,2563,240,2564,231,2378,222,1960,213,1630,212,1861,203,2138,196,1823,1
2480,1231,1673,96,1290,1141,1701,1186,2455,341,1812,355,2432,341,2506,1163,1277,1161,2508,1169,1742,1196,1786,586,1514,314,2500,441,1983,170,1592,627,1810,193,1619,241,1729,372,2532,572,1506,49,2233,165,1552,179,1368,233,2231,621,1506,656,1619,224,1843,272,1339,225,1311,602,1507,658,1499,621,1506,602,1507,599,2233,101,1508,641,1
2480,1231,1673,96,1290,1141,1701,1186,1917,766,1812,341,2456,610,2458,1190,1405,368,1919,106,1938,127,2324,394,1610,468,1758,589,2506,337,2481,723,2410,586,1498,365,1489,565,1499,357,2176,700,1506,516,2340,1122,1942,24,2343,13,1957,539,2124,59,2090,560,1499,616,1491,104,2532,634,1500,616,2233,652,1508,634,1500,180,2064,765,1561,1207,1510,811,2483,1041,2495,875,2178,240,2186,232,2176,1041,2344,278,1519,223,1570,222,1563,221,1555,212,2556,203,2397,264,2558,1139,2560,1138,2563,1136,2564,1134,1956,260,1874,570,1492,611,1484,590,1475,751,1474,560,1484,1120,1485,1117,1826,204,1978,581,1477,212,1822,586,1468,567,1461,543,1468,588,1461,566,1986,689,1
2530,1231,1348,96,1673,341,1610,1165,1812,427,2455,1185,2554,627,1453,191,2479,1122,2456,24,2476,479,1771,175,1559,737,1506,1206,2203,517,2480,1204,2532,989,2504,570,1498,567,1506,96,1872,49,1507,1163,2491,568,2209,61,1874,73,1592,1039,1836,88,1728,208,1592,863,1498,618,1
2480,1231,1673,96,1610,1141,2410,341,1276,1186,1290,417,2456,1151,1757,466,1592,1185,1639,241,1786,530,2432,2
2530,1122,1348,341,1673,24,2456,1231,2458,321,2480,315,1812,1185,1771,627,1337,517,1610,321,2395,146,2491,468,1758,571,1747,1173,1353,1152,1411,279,2019,52,2055,35,1361,165,2363,394,2179,359,2023,1
2480,1185,1959,341,1290,1231,1917,394,1579,355,1938,112,2037,370,2421,408,2087,232,2083,2
2456,1163,1353,1252,1363,341,1673,1208,1610,1185,2479,69,1280,54,1758,1206,1771,189,1960,241,1928,1
2480,1163,2455,394,1629,1175,2475,1185,1708,610,1304,67,1812,54,1612,341,2432,91,2554,166,2047,517,1321,1035,2251,591,2178,1033,1755,52,2176,875,1590,610,2532,35,2534,154,2547,754,2346,471,2031,647,1515,370,1978,735,1582,390,1992,695,1738,267,1508,363,1500,404,1507,362,1500,404,1507,362,1500,4
2480,1185,1673,341,2456,1165,1280,54,1812,627,1353,646,2203,1189,1757,766,1290,100,1917,1208,2076,466,2152,698,1332,363,1514,743,1
2480,1185,1673,341,1280,394,2455,52,1353,516,1812,69,1396,1133,1771,1165,1747,1252,1764,2
2480,1185,1673,341,2455,394,1353,35,1602,516,1612,1165,1872,610,2412,48,1757,466,2432,341,2414,360,2556,1252,1321,370,2532,500,2504,476,2031,54,1361,123,2258,132,2081,1208,2468,390,1340,240,2072,233,2042,284,2271,225,2189,217,2244,225,2374,232,2311,354,1482,2
2456,1185,2479,659,2530,610,1673,341,2432,394,1602,1163,1590,67,1614,593,1738,591,1771,479,2476,366,2504,410,2412,488,1499,91,1319,1231,1425,166,1553,547,2480,1176,1491,695,2397,875,1301,550,1548,572,1491,1250,2399,1206,1820,224,2006,271,2299,903,1484,106,1453,1095,2532,1259,2277,876,1491,977,1501,963,2124,1019,1510,844,2483,1204,2485,1202,2190,847,1561,845,1553,843,1509,845,1500,843,1492,845,1483,1007,2384,1228,2488,2
2480,1186,1290,394,2456,478,1673,1165,1610,1163,1353,591,1277,341,1656,479,2476,502,2506,69,2530,422,2508,516,2521,739,1758,738,1894,20,2432,131,2425,67,2036,813,1749,901,1419,1214,2176,240,2232,2
2480,1186,2455,1163,2504,20,1301,341,2432,368,2445,465,1490,440,1836,591,1982,548,1481,528,1472,394,1610,571,1280,54,1396,136,2491,1190,1836,516,1337,809,1706,1120,1818,1106,1976,2
2456,341,2479,1185,1290,1189,2480,610,1872,643,2066,20,2432,1169,2425,1252,2070,368,2086,455,2074,232,1629,462,1401,11,1651,1120,1676,1141,1637,231,1453,131,1490,109,2302,13,1677,230,1500,1084,1633,221,2176,1117,1677,230,2185,239,1715,247,1337,72,2187,300,2533,253,1350,252,2176,87,1491,1080,1325,1053,1483,1054,1475,298,2182,1151,1544,1208,1475,869,1531,862,1477,993,1484,1064,1477,840,1486,863,1496,892,1556,100,1504,919,1511,79,1518,252,1510,91,1511,1104,1512,1103,1511,1102,1512,1101,1511,1098,1519,929,1510,606,1
2480,1186,2456,1163,1281,1143,1268,627,1610,1175,1769,622,1639,232,1753,225,1426,20,2432,69,1389,273,1325,80,1311,427,1673,1185,2476,392,1812,875,1277,1104,1431,800,1634,873,1658,1073,2412,158,1417,873,1940,372,1800,225,1659,233,1960,411,1705,240,1924,249,2022,257,1889,397,2059,1
2456,1163,1337,1186,1610,52,1872,372,1673,411,1407,1153,2530,1122,1592,315,1348,343,1751,710,1812,13,1701,516,2432,811,2412,566,2397,1120,1874,719,2489,852,2406,123,2309,142,2176,29,2152,63,1769,856,1701,804,2311,1001,2433,1171,2327,790,1332,1185,2169,397,1507,1189,2414,1208,1654,1163,1638,1061,1551,1159,2152,370,2176,339,1678,1231,1661,240,1758,1206,2416,1228,1489,1226,2152,366,2418,1158,1481,1167,1534,485,2419,354,1482,385,1849,247,1661,239,1490,366,1637,230,1660,336,1483,366,1617,222,1886,214,1656,386,1491,350,1482,385,1633,207,1778,198,1843,3
2480,1186,2506,1163,2455,1141,1673,394,1610,341,1321,1161,1872,549,1813,52,1333,516,2530,321,1464,531,2395,1139,2468,54,2410,936,1656,846,1762,470,1361,797,1403,995,1580,790,1522,339,2133,436,2481,319,1529,523,1472,525,1481,522,1852,353,2450,7,1855,682,1482,769,2508,774,1491,763,1492,660,1351,765,1491,645,1499,753,1491,28,1995,645,1492,697,1292,614,1321,1252,2456,1250,2435,1248,2458,1247,2460,1246,2462,1245,1484,578,2
2480,1163,1610,1175,1769,427,2456,341,1651,78,1874,1185,1321,20,2432,11,1813,516,1464,1189,1403,612,2504,67,2554,50,2178,608,2530,940,2556,111,1473,543,1472,321,1896,357,1874,1206,1614,549,1857,132,1676,453,2425,890,2176,893,1415,18,2
2480,1185,1673,394,2455,341,1321,20,1602,141,2014,372,1813,1165,2530,516,2556,1163,1771,1175,2456,587,1839,671,1482,398,1836,530,1472,67,1348,476,2516,120,1464,6,1472,392,1416,476,1612,132,2279,460,1541,940,2233,1231,2532,1052,2231,163,2
2480,1186,1673,1163,1281,54,2433,123,2446,1175,1634,721,1940,35,2410,669,2
2480,1185,2456,1206,1874,1212,2034,3
2480,1185,1610,19,1636,1141,2432,11,1820,1122,2455,1120,1987,341,1321,1106,1820,831,1394,1004,1673,131,1481,529,1818,547,1619,225,1734,1109,1284,233,1999,1064,2133,1117,1836,13,1292,417,1701,1163,2135,928,2395,1252,1673,1228,2405,360,1821,374,2414,123,2318,1226,1629,963,1590,1224,1582,1238,1747,1063,2362,1076,1330,947,2375,1254,1482,637,1474,1162,1467,458,1475,284,2144,231,2005,1
2456,1163,1610,1186,1337,19,1874,341,2395,52,1710,394,2480,610,2481,479,2476,35,2501,165,1778,1237,1398,710,1592,549,2412,54,2397,1106,2433,37,2435,593,1639,224,1786,612,1638,593,2414,530,1490,544,2430,1133,1682,541,1872,669,1810,1097,2399,1206,1632,963,1657,738,1896,541,1872,607,1483,954,1855,1161,1839,604,1482,623,1490,1160,1543,605,1849,225,1846,232,1828,239,1482,868,1473,604,1474,845,1393,602,1467,581,1461,562,1277,759,2203,642,1460,659,2355,246,1949,237,1878,246,2078,299,2289,245,2330,1204,1300,238,2308,1202,1425,237,2436,1250,1451,2
2480,1231,1651,1185,2456,1143,2476,69,1634,35,1651,372,1321,1122,1600,357,2491,1152,1758,24,1681,241,1699,315,1610,643,1439,165,1552,249,2
2456,1163,1673,1186,1337,52,2479,168,2499,372,1610,1143,1304,516,1812,315,1894,54,2253,529,1377,677,1976,1128,1656,811,2124,411,2508,479,2476,1196,2412,831,2395,67,2504,833,2554,1161,2339,1037,2532,1231,2207,862,1651,861,1499,903,1508,248,2432,5,1634,1208,1747,949,1499,819,2180,822,1489,33,2189,255,1481,60,1472,791,2556,1217,2501,893,2525,1020,1464,1026,2535,254,2393,245,1523,840,1466,34,1535,98,2293,67,2217,79,1474,299,2512,2
2480,1185,1673,394,1610,610,2456,341,1353,1252,1429,1237,1290,983,1812,466,1757,1189,2017,1141,1879,608,2124,960,2253,1165,2395,954,2412,1122,2554,956,2066,1219,1419,1214,2481,1177,2352,831,1654,96,1639,232,2209,80,1753,1029,2198,875,2355,240,2101,862,2152,864,2450,48,2172,31,2091,48,2216,247,2532,239,2095,1
2480,341,1673,1185,1290,394,2455,1163,1277,1175,2475,715,1541,35,1610,516,1592,1106,1610,91,2203,164,2205,812,1308,48,2178,468,1758,1120,2180,314,1353,871,2554,119,1661,257,2133,1036,1489,32,1490,871,2566,337,1678,1208,1363,873,2136,11,1771,863,1489,479,2432,1076,1498,1080,1333,1052,1292,924,1507,875,1652,863,1508,1228,2433,921,1
2456,1141,2480,341,1673,1151,1757,1185,1747,1133,1290,610,1812,24,1610,1141,2410,394,2203,408,1276,1250,1917,627,2053,1237,2554,1206,2566,1259,2530,1204,1636,1216,2523,975,1507,517,1417,1165,1342,873,2481,1177,2352,147,1405,52,2219,216,2127,1079,1499,975,2258,1225,2377,178,1507,981,1327,207,1437,1039,2146,199,2433,863,1500,929,1337,993,2139,839,2328,843,1509,1006,1510,934,1296,784,2164,208,2142,272,2241,1021,2371,207,2242,848,2331,271,1502,1104,1494,1103,1484,1102,1475,821,1474,819,2
2480,1141,2432,1165,1673,394,2481,357,2493,725,2433,321,1319,310,2455,1185,2395,315,1610,831,1654,593,1820,54,1301,355,1639,232,1269,114,1412,1043,1679,231,2532,474,1546,29,2122,143,1491,170,2546,286,1713,239,2296,69,2506,1195,1554,53,1509,1251,1516,1228,2232,248,1679,247,2171,1208,2341,883,2194,343,1638,894,1507,373,1678,899,1697,358,2556,1226,2184,1206,1651,1049,1514,1004,2342,256,2189,255,2187,256,2189,255,2187,256,2189,4
2480,1185,1290,394,1917,1165,1710,188,2076,478,2455,394,1812,1163,1277,35,1353,341,2433,355,1579,1171,1393,112,2421,363,1514,390,1917,1120,1385,241,1294,719,2016,464,1380,1231,1429,390,1457,422,1417,1250,1398,410,2253,1248,2532,387,2207,355,2397,1247,2387,362,2399,390,2235,362,1285,335,2326,1228,1286,1206,1379,1217,1321,240,2400,239,2401,238,2402,1224,2523,245,1869,254,1859,247,2176,1226,2187,240,1900,241,2165,249,1910,1
2480,1185,1290,1165,1673,394,1701,1163,2491,468,1917,1143,2056,1
2480,1185,2455,627,1673,35,2456,1189,2481,549,1701,427,1917,516,1898,1231,1290,1165,2483,545,1301,683,2503,248,1659,160,1812,669,1419,493,1957,315,1962,239,1354,283,2204,238,1957,502,2533,239,2506,940,2231,1252,2527,248,2553,256,2244,249,1925,682,1507,700,1516,584,1517,1230,1562,665,2392,302,1946,257,1948,1
2480,1186,1710,1163,1917,1175,2034,394,1821,54,1836,52,1991,341,1610,831,1825,829,1874,516,1654,321,1877,341,1874,478,2034,825,1874,866,1855,19,1938,11,1304,659,2077,1092,2410,368,1266,903,1812,464,2450,140,2124,11,2152,21,2160,142,2176,59,2203,895,2306,804,1701,954,2348,1252,1673,875,2309,861,2203,1046,1766,895,1498,1228,2554,1226,2332,1239,2549,978,1507,1206,2215,1204,2354,240,2209,239,1311,246,1331,238,1450,281,2397,222,1500,230,2399,2
2480,1185,1673,35,2456,144,1757,1189,2017,627,2053,492,2481,357,1290,1143,1812,321,2395,451,2104,315,2412,516,2325,1141,2427,456,1319,1122,1321,13,1394,152,2348,1131,1629,811,2253,1231,1654,1165,1760,1104,1612,1103,1594,1208,1723,1213,1744,869,1658,852,2506,1194,1780,879,1632,841,1656,995,2207,791,1699,855,2219,240,2093,1
2480,1185,1917,427,1290,1165,1710,91,1938,341,1812,321,1579,591,2432,315,1280,1143,1377,1128,2456,1189,2451,1163,2491,1152,1453,1242,2128,69,1900,516,2040,624,2211,646,2340,188,2186,760,1
2480,1163,2491,723,1917,748,1779,1206,1579,1252,1592,315,1603,1228,1281,1143,1304,1226,1656,96,1703,144,1810,193,1812,67,2410,517,1290,132,2426,109,2455,1250,1321,65,1379,1204,1282,932,2203,52,1306,1202,2543,1233,1357,930,1289,1185,2456,961,1498,1189,1403,950,2435,1087,2453,971,1
2506,1186,2480,627,2456,52,2530,427,2433,1122,2410,1141,2481,624,2458,39,2460,604,1894,769,1936,759,1436,516,1380,341,1396,1173,1610,55,1673,408,2554,420,1802,1120,2446,1147,1734,12,1499,13,1727,31,2133,45,1592,118,1742,45,1491,13,1654,1139,1614,21,2397,71,2412,114,1723,804,1614,788,1301,970,2462,1231,2466,248,1926,249,1889,248,1926,249,1673,1090,1957,1092,1804,248,2414,241,1590,1145,2416,1114,2418,1112,1799,248,2419,696,1660,539,1679,247,1713,248,1679,247,1661,248,2532,551,1679,249,1634,635,2534,587,1317,248,1349,1252,2553,301,2508,635,1501,1196,1783,247,1713,254,1678,581,1652,247,1492,1208,2501,287,1637,231,1619,224,1494,590,1502,710,1311,725,2
2456,1186,1337,627,2479,20,2432,52,1673,427,1319,168,2499,750,2530,589,2433,1185,2476,545,1602,683,1701,737,1708,539,1812,516,1654,1143,1638,315,1634,1120,2446,1147,1384,544,2133,725,1290,568,1874,1163,1277,78,1782,321,1808,1242,1922,575,1925,593,2081,1161,2147,1159,2395,341,2338,719,1299,372,2203,811,1319,673,2176,1032,1400,875,1288,1104,2085,241,1967,415,1369,620,1446,860,1
2480,1185,1290,394,2456,1189,2017,20,2432,11,2412,23,1902,610,2042,284,1321,1163,1386,1111,2491,1120,1384,468,1673,78,2433,443,1610,334,1481,431,1482,876,1637,241,2302,1143,1634,94,1618,793,1396,1133,2133,1038,1490,105,1489,896,1482,994,1474,794,1467,1142,1524,232,2323,59,2219,224,2350,272,2348,1206,2216,223,2382,231,2392,1204,2285,2
2480,1185,1290,1250,2456,1165,1917,427,1710,1208,2476,1177,1874,52,1879,1143,1874,1120,1277,315,1812,321,1855,1206,2395,315,2006,54,2020,327,2037,241,1453,1095,2500,40,1308,1231,1380,1236,1987,359,1285,1204,1399,711,1924,233,2049,848,1917,1017,2080,225,1967,216,2012,273,2412,368,2152,1015,1
2480,1185,1290,394,2456,1163,2476,478,2018,723,1405,1143,1416,315,1579,1206,2501,1237,1673,1206,1304,96,1353,119,2133,112,1812,932,2149,240,2216,247,2532,161,1420,930,2546,170,1713,254,1782,964,1698,245,1311,252,1290,873,1446,1040,1455,928,2203,339,2207,253,1654,930,1358,961,2261,954,1744,1079,2524,252,1738,1106,1290,245,1377,252,2397,245,2399,236,2433,229,2556,221,2558,212,2560,205,2563,204,2564,205,1835,197,1925,205,2004,212,1918,221,1880,228,1507,227,1918,219,1499,211,1896,203,1490,211,1876,203,1482,195,1473,194,1819,1
2480,1185,1673,627,1290,35,1812,427,2554,516,2432,1165,2456,1189,2451,144,1757,721,2017,1141,1870,67,1419,1214,1453,1242,2020,1122,2039,248,1908,930,1902,241,2176,341,1938,321,1629,960,1883,901,1926,930,2082,960,2203,333,2122,472,2347,875,1673,249,2481,903,2483,1139,2485,913,2356,1058,1925,960,1656,1120,1888,1
2480,1186,1917,341,1290,610,1710,1252,1812,1106,2456,1120,1277,466,1874,1185,1321,1141,2432,24,2451,1151,1301,394,1579,156,1894,1117,1612,608,2395,1104,2405,35,2427,516,1375,1159,1870,408,1282,992,1969,1157,1870,646,2014,1206,2504,50,2525,1217,1672,1224,2565,37,1772,257,1799,256,1789,257,2
2479,1185,2456,627,1673,1165,1610,427,1281,54,1290,315,2480,69,1812,516,1701,408,2504,427,1636,646,1776,257,1799,1220,1872,396,1787,1073,1431,21,2433,9,1822,932,1308,54,2506,37,1301,146,2018,1194,1991,327,2007,249,2020,1104,1426,1103,1353,930,1994,932,2059,1
1610,1163,2480,1161,1636,1186,1676,1185,1636,1143,1290,1152,1405,52,1673,359,1812,418,1701,468,2491,766,1917,516,2455,627,1959,324,2433,1169,2425,468,2433,321,1353,624,2395,333,2104,355,1957,646,1330,389,1514,510,1434,760,1
2480,394,1917,341,1710,1185,1290,1163,2491,355,1874,78,1896,452,1498,477,2474,468,1610,453,2425,577,1
2480,1186,1917,341,1290,394,1710,1163,2491,468,1405,355,1874,723,2433,759,2258,389,1490,496,1790,757,1855,54,2456,1185,2476,92,2504,637,1489,166,2435,634,1482,619,1483,518,1475,707,1466,42,2
2480,1185,1917,627,1710,748,2543,427,1579,1206,1592,315,2500,491,2432,1143,1579,339,2506,1122,2519,13,1290,366,1377,35,1304,376,1612,455,1427,479,2456,354,1482,440,2469,313,1266,516,1409,318,1382,811,2124,1042,1473,884,2433,1131,2300,920,1444,1090,1435,289,2192,232,2293,1087,2204,240,2205,248,2117,978,1466,977,1473,978,1466,866,2310,239,2392,865,1473,866,1474,238,2165,923,2330,922,1465,841,2329,237,1536,236,2208,243,2506,250,2265,251,2217,250,2294,1
2480,1185,1673,627,1290,35,2455,427,1453,779,1610,1165,1812,341,1580,516,1744,1172,2432,1120,1384,314,2456,549,1268,683,2133,701,1771,721,2017,1151,2251,903,2139,326,2339,899,1277,1106,1419,1109,1433,241,1308,1143,1396,993,2554,790,1515,795,2305,1125,1374,339,1616,436,1584,54,2481,232,2506,231,2532,335,2556,362,2509,282,2510,287,2
2480,1163,1917,1175,2034,394,1874,1185,1673,341,2027,279,1280,321,1579,452,1741,1106,1771,1109,1787,233,1810,1228,1812,96,2204,241,2211,359,2318,193,2379,80,2160,456,2456,353,1368,96,1445,295,2410,1141,2176,318,2133,353,2469,456,2203,241,2211,353,2285,993,2532,1017,2556,1064,2392,179,2295,248,2145,920,2322,255,1507,919,1508,254,2140,925,2145,368,2295,247,2274,254,2412,922,1507,299,2414,101,1506,917,1515,388,1
2480,1185,1290,627,1673,35,2455,1165,1812,427,1453,779,1610,516,1636,315,2395,91,2412,661,1872,166,2543,748,1870,642,2064,23,1514,48,2258,109,2071,1
2480,1163,1917,1185,2491,723,2018,67,1991,224,1980,394,1993,408,2058,1074,1710,394,1701,1231,1773,283,1291,232,1812,875,2455,866,1353,871,1579,1250,1592,899,1749,829,1592,1106,1610,1004,1637,231,1785,238,1654,1017,1287,1228,1431,1064,1778,1184,1451,1226,1795,231,2242,222,2308,221,1672,1182,1628,1180,1414,222,2107,223,2109,215,2285,223,2133,231,2142,240,2109,248,2116,241,2119,232,2456,224,2458,216,2287,208,2130,216,2102,209,2460,217,2463,225,2267,216,2466,279,2273,1
2480,394,1917,341,1290,1165,2455,1104,1353,91,1919,1185,1922,170,2500,355,1579,1252,1301,1120,1734,452,1481,431,1375,997,2412,804,1472,1163,2456,1171,2476,408,1673,485,2231,354,1482,444,1474,433,1537,333,2483,796,1466,584,1525,742,1751,232,1656,623,1466,737,2511,287,1662,283,1523,772,1465,759,1619,223,1593,215,1635,467,1474,222,1483,1250,1491,1248,1501,621,1510,628,2
2480,1185,2455,627,1673,35,1610,1165,2395,315,2412,48,1636,593,2104,67,1301,146,1353,591,1872,110,2432,23,1970,608,1894,427,1629,640,2504,766,2554,639,1481,617,2046,164,2456,61,1612,73,1582,1189,2451,144,1738,516,1377,17,2414,112,2416,1111,3
2433,1185,2397,627,2399,35,2479,1165,2456,1189,1821,54,1836,315,2480,1159,1673,20,1610,131,2425,339,1816,703,1301,561,1402,719,2400,736,1321,438,1701,759,1813,427,2297,516,1809,302,1854,78,1894,772,1379,1000,1906,807,2435,1172,2211,623,2178,940,2055,493,2367,752,2184,723,2504,748,1482,602,1481,812,1473,584,1465,892,1458,577,1
2480,1163,1917,1185,2491,52,1290,1104,2455,1103,1281,54,1610,797,1410,470,1898,339,1839,465,2450,121,1301,1141,1673,130,1392,1184,1375,676,2412,690,1629,1187,2133,524,2321,559,1
2480,1185,2456,627,2504,1189,1290,35,2506,660,2530,627,1917,427,2481,571,2508,748,1779,491,1701,1165,1786,932,2231,427,1807,1242,2374,289,1454,232,1629,1177,1654,315,1354,233,1681,232,1637,224,1482,223,2203,67,1337,146,1418,215,1406,276,2434,269,2411,222,2532,903,2556,1054,2209,1052,2
2480,1143,1290,1185,1917,1120,2056,1
2480,1185,1673,1165,2456,1208,1290,91,2554,104,2432,94,1836,372,1712,156,1345,224,1329,215,1858,207,1321,1163,1840,215,1860,1
2480,394,2481,366,2455,410,1439,1186,1411,2
2480,1186,1610,69,1673,394,1290,516,2455,341,1353,1165,1429,171,1812,69,2456,54,2458,1190,2491,321,2
2480,1186,1673,69,1290,1163,1281,1143,1304,394,2491,1152,1812,516,1701,1252,1673,1185,1771,315,1917,903,1610,241,1592,54,2397,67,2105,339,2155,549,2412,436,2165,55,1641,149,2433,137,1749,710,1340,37,2456,1231,1454,249,2532,1236,2452,21,2051,591,2053,765,1514,163,2504,636,1
2479,1165,1610,1185,2456,1231,1304,359,1673,96,1812,372,2410,1122,2532,24,2458,468,1758,146,2480,24,1266,339,1281,1143,1290,478,1771,158,1433,288,1918,627,2034,109,1858,1163,1877,144,2432,130,2
2480,1185,1673,52,1610,394,2455,516,1353,1252,1363,1143,2456,529,1429,1237,2458,1152,2491,1184,1712,19,1872,903,2395,1182,2516,1051,2031,131,2425,1122,1911,248,1679,247,1661,254,1320,253,1679,246,2557,3
2480,1185,2433,394,1610,1165,2504,1141,2455,341,2410,529,1276,355,1872,1122,1592,334,1481,431,1371,1231,1761,148,1289,524,1651,408,2525,179,2556,516,2530,1206,1361,74,2500,185,2528,1263,1329,248,2456,917,1473,64,1874,672,1276,143,1543,1189,1404,1151,1544,581,1492,732,1485,875,2435,1131,2532,77,1538,53,1478,532,1485,530,1478,838,1470,574,1463,790,1468,569,1
2480,1122,2455,341,1321,1231,1610,96,2397,24,1940,394,1938,516,1813,1185,2504,610,1706,608,2506,1194,1426,408,1636,811,1749,522,2064,685,1482,32,1491,699,1742,701,1636,586,1490,674,1681,248,1368,301,1958,248,2085,287,2482,479,1961,562,2178,408,2325,514,2530,941,1481,893,1361,1036,2178,185,2338,1228,2187,248,1409,408,1489,1208,1498,365,1506,37,2330,1041,2556,1240,2550,1206,2558,1204,2562,256,2267,861,1515,1202,2271,301,2258,3
2479,1185,2456,341,2506,1165,2458,321,2554,1141,2532,660,1482,1194,2499,468,1917,67,2508,664,1481,1228,2521,739,1290,517,1439,1208,1337,106,1405,591,1446,991,1453,1206,2545,526,1629,585,1818,3
2480,1185,1290,1231,1433,288,1673,394,1772,248,1812,1165,1612,1163,2491,723,1652,643,2456,100,2530,163,1551,548,1507,572,1506,366,1610,453,2425,52,1872,932,1671,359,1962,249,1652,701,2133,597,1507,747,1516,3
2480,394,2504,1185,2532,1165,1610,399,2410,1208,1266,324,1706,1143,1580,1163,1434,289,2433,610,2456,591,1614,589,2491,1152,2412,455,1820,341,1610,240,1813,903,2506,1189,1393,1171,2198,751,1481,765,2205,1047,1767,1122,2258,656,1654,608,2414,314,2231,54,2369,1237,1639,725,1974,772,1757,634,1482,637,1474,639,1537,574,1616,136,2429,709,3
2480,1185,1673,1208,2455,372,2433,1228,1439,1219,1796,1165,1821,1143,1870,106,1960,411,2081,530,1629,359,1947,1163,1682,932,1639,225,2083,390,1958,394,2395,465,1490,1175,1573,391,1491,570,1500,92,1508,426,2079,513,1517,394,2412,585,1784,1071,2203,105,1569,725,3
2480,1141,2433,1165,2455,341,1651,1231,2530,96,1348,54,1600,529,2481,158,1301,517,1636,531,1812,119,2133,671,1853,355,1757,1151,2314,9,2303,128,2325,1185,2133,1206,2435,1172,2329,224,2322,223,1278,873,1618,372,2185,215,2344,278,1420,284,1637,223,2506,1184,2475,1212,1416,903,1680,231,2309,287,2508,230,2510,281,2512,932,2216,236,2217,1159,2372,1157,3
2480,394,2504,1163,1610,1143,2456,529,1301,1120,2491,468,1758,593,1591,721,1651,683,2133,524,2432,78,1836,686,2315,1186,2532,121,2316,315,2182,16,1348,110,2506,1141,2186,343,1295,232,2189,233,2333,225,2189,217,1380,278,1323,50,1405,1190,1812,903,2203,1117,2445,1146,1383,895,1292,215,1306,1252,1499,1228,2526,1261,1500,1206,2153,206,1611,213,1770,274,1796,230,1683,239,2545,286,2556,247,2259,254,2277,1104,1656,1161,1612,1103,1501,1159,1492,1102,1722,1157,3
2480,1185,2506,1194,2455,1228,2410,96,2432,1122,1266,24,1959,1252,1629,130,1813,627,1651,141,1542,341,2152,517,1610,1163,2456,1175,1769,1038,1304,593,1941,209,2157,1036,1473,356,1543,442,1474,156,2176,628,1530,372,1420,740,2203,1206,1870,875,2182,51,2340,1039,2018,728,1889,208,1880,209,1889,208,1880,209,1889,208,1880,209,1889,208,1880,199,1858,208,1880,199,1858,208,1880,199,1858,208,1880,1143,1886,199,1869,206,2052,199,1869,206,1924,199,1869,206,1924,199,1869,206,1924,199,1869,206,1924,199,1869,4
2479,1163,1610,1186,2506,394,1673,341,2530,52,1361,1185,2480,188,2491,355,2519,408,1757,158,2064,179,2460,725,1812,145,1507,572,1654,736,2235,167,1516,626,1517,81,1
2480,1186,1673,1163,2481,341,2456,1206,1353,69,1280,181,1796,766,1812,372,1610,1122,1852,1204,1870,1106,1304,466,1651,389,1514,737,1610,355,1940,516,2253,627,1955,1252,1940,1185,1959,78,2532,142,2450,379,2545,491,1758,571,2352,1231,1955,813,2359,741,2504,364,2258,571,1661,3
2480,1163,2433,1175,1610,394,2530,1122,1348,24,2504,585,1821,37,1592,568,1751,224,1729,114,1362,1186,1651,1193,1676,1201,1498,1228,1632,704,1552,719,2410,36,1489,563,2467,37,1439,185,1490,357,2385,454,1483,432,2176,963,1493,52,2342,277,1339,214,1618,215,3
2480,1185,1673,35,2412,121,2432,35,2456,1189,2451,20,1301,141,1542,394,1489,516,1290,341,1602,903,1701,478,1959,503,1481,1252,1673,487,2057,257,2047,466,1874,1163,2556,1171,2000,334,1535,79,1466,584,2016,142,2296,811,1474,63,2258,1120,2504,865,1467,1105,1532,1144,1526,794,1467,807,2517,907,1475,796,1483,1141,1482,1139,2122,876,1490,994,1489,852,1481,1138,2154,790,2152,1137,1482,791,2481,876,1474,794,1535,853,1481,876,1489,894,1498,1054,2203,927,1490,885,1483,4
2480,1185,2506,660,2530,627,1673,1194,2544,750,2455,1165,1426,69,1361,188,1610,1143,1701,86,2258,1252,1959,1231,1940,394,1869,55,2376,516,1407,69,2060,173,1434,289,2481,425,1718,249,1681,492,2501,315,2176,904,1654,1228,2205,875,2456,321,2458,1152,1614,871,2219,256,2432,334,1499,1072,1508,364,2349,1226,2340,1250,2390,248,2
2480,1185,1959,1231,2037,610,2086,736,1651,394,2455,545,2432,589,1367,341,1676,1122,1319,13,1812,517,2176,191,2027,279,1710,368,2504,62,1498,381,2525,772,1335,634,1490,143,2338,619,1481,500,1778,486,1490,464,1547,368,1285,1206,1579,1228,2203,1226,1484,389,2543,1204,1592,1233,2231,3
2480,1185,1673,394,1610,1231,1290,35,1701,516,2554,341,1812,355,2455,1143,1321,1163,2491,1152,1277,441,2404,154,2516,1161,2490,1189,1651,357,1673,67,1872,1122,1691,1206,1676,394,1693,589,2432,813,1788,289,2253,568,1962,240,2412,587,2310,249,1948,1
2480,1141,1610,394,1290,1186,2455,1122,1673,24,1812,52,2410,341,1592,39,2530,355,1337,168,2544,488,2047,1106,1639,232,1738,573,2481,357,1405,1190,2018,571,1638,723,2508,737,1612,752,2254,239,2207,813,2127,1163,1638,642,1498,1050,2349,578,2203,699,2215,720,1489,1231,2371,246,2115,537,1490,562,1489,875,1683,253,1764,252,2308,243,2506,619,1481,234,1472,226,1464,218,1458,210,2319,540,1
2456,1163,1610,1186,2480,19,2395,131,2425,1175,2504,1193,2543,660,1490,610,2
2455,394,2456,1165,2479,329,1673,1185,1610,69,2476,1177,1629,339,1612,400,2027,279,1771,233,1281,1143,1319,78,1301,453,2425,320,2444,875,2176,7,2412,29,2152,127,1612,141,1755,232,1612,873,1351,861,1400,139,1541,876,1489,864,2480,1019,1629,838,1490,1085,1671,947,2395,1106,2481,231,2414,1109,2506,1077,1500,791,1652,995,2509,282,2556,221,2558,1051,1501,1117,2
2480,1185,2456,341,2476,479,1673,1165,1610,91,2554,54,1771,1177,1879,1208,1290,1143,1928,1
2480,1163,2455,1185,2491,723,1610,529,1959,341,2506,1194,1940,607,1706,179,1426,610,1813,1231,2554,106,2566,169,1780,394,2534,408,1687,767,1464,385,1751,224,1729,507,1654,529,1681,223,1655,230,2203,1001,1615,222,2434,221,2210,270,2457,466,2212,205,2396,197,2411,441,1465,738,1473,2
2480,1185,1673,341,1280,1165,1397,1133,2455,1231,1321,394,1610,408,1812,476,2516,1163,1771,1175,1769,52,1917,158,2056,1
2480,1185,1959,1165,2456,1189,1879,627,1673,372,1857,374,1353,608,1820,736,1321,78,2432,1174,2035,156,1280,1163,1397,1133,1579,35,2412,1192,1498,46,1
2456,1163,2433,1171,1610,1106,2479,1120,2412,589,1673,688,1301,394,2530,1186,1361,1231,2133,589,2397,1250,2406,1109,1734,571,1656,551,1743,771,1490,772,1751,225,1729,775,1638,642,1489,148,2323,715,1541,126,1270,224,1595,225,1637,224,1785,232,1654,1248,1279,224,1681,215,2550,1092,2459,1190,1490,1007,2504,14,1499,822,1489,820,1499,822,1489,90,1481,823,2480,865,1490,1175,2517,872,1500,1072,1560,40,2481,899,1501,222,1510,13,1519,45,1512,1206,1504,1204,1512,1202,1504,282,1512,1200,1513,1198,1512,630,1557,21,1512,71,1505,239,1513,901,1521,240,1520,1228,1519,1226,1518,3
2479,1141,2504,341,2530,1231,1710,394,2432,1122,1290,1186,1701,106,2506,516,1894,1163,1280,54,1773,1214,2412,1106,1377,999,1976,1146,1820,314,1870,1129,1742,320,2404,1120,2109,1117,1578,675,1853,804,1812,671,1859,1228,1906,1235,2053,71,1276,533,1967,240,2085,241,2082,232,1949,225,1343,217,1978,1000,2365,790,1507,819,2316,859,2141,1034,1506,891,3
2480,394,1610,1185,2410,1231,2530,96,1348,516,1673,341,1812,1163,2456,1175,2476,479,1771,408,1794,179,2064,1141,2034,130,2133,903,1857,48,2556,591,1321,811,2147,1120,1879,1117,1403,1151,2339,575,1857,1104,1308,656,1433,248,1422,1059,2189,255,2506,763,1514,778,1507,642,1499,660,1500,658,1499,726,2278,248,1856,249,1858,248,1859,581,1508,894,1509,637,1517,771,1509,634,1517,597,1509,953,1517,1230,2526,608,1866,247,2063,604,1516,699,1883,293,1880,239,1974,603,1846,238,2397,1250,1916,246,1937,642,2065,1260,1508,239,2399,232,2400,225,2401,216,2402,207,1851,214,1950,221,1858,3
2480,1185,1673,341,1280,1231,1396,1133,1771,394,1894,96,1812,408,1794,1163,2492,67,2471,516,1656,1104,1874,1208,2025,944,1612,132,2455,50,1610,136,2456,1037,2176,978,2504,1206,1353,980,2186,1153,1330,65,2176,187,1499,1204,1407,90,1490,904,1654,22,1482,870,1472,925,2182,73,1325,62,1481,144,1403,875,2432,1228,1482,1226,2525,930,2410,1202,2543,1066,2433,1038,1490,1053,1553,37,2435,1252,2395,868,1508,865,1517,1006,1518,256,2397,114,2534,977,1509,841,1518,1261,1562,1025,1503,29,1495,1103,1486,844,1485,18,1494,1102,1485,1101,1494,1100,1502,30,1495,896,1502,606,1
2480,1185,1959,610,2456,394,2476,512,1353,737,1673,736,1319,699,1812,683,1602,390,1426,19,2121,671,2316,341,2210,372,1290,561,2253,516,2356,563,2554,1122,1701,716,1401,24,1433,1073,1786,241,1719,1104,2244,249,2219,1059,1289,932,2383,303,2344,249,2332,852,2321,1019,2319,1103,2506,1102,2146,240,2508,1101,2117,839,2116,239,2532,246,2271,239,2115,246,2112,237,2108,246,2557,299,2510,838,1515,1098,2302,992,2512,804,2534,293,1516,932,1508,1073,1516,922,1507,245,1515,952,1514,920,1515,253,1507,245,1515,1250,1507,237,1515,228,1507,227,1515,234,1514,976,1
2480,394,2481,366,1894,1163,2455,1231,2475,96,2491,723,1872,738,1894,530,1872,568,1855,607,1896,530,1872,91,1974,1122,1942,1206,1281,1143,1290,1186,1419,80,2053,359,2087,232,1980,283,1978,339,1989,359,2006,232,1864,41,1541,1204,2049,1228,2067,223,1947,1250,1963,394,1922,232,1944,231,1961,238,2397,231,2399,224,2400,216,2401,208,1949,201,2053,208,1942,201,2079,208,2506,201,2508,208,2510,201,2512,208,2514,207,2532,215,2534,224,2536,231,2538,224,2402,231,2542,224,2556,216,1968,224,2558,216,2560,207,2563,216,2564,207,2433,216,2435,224,2437,216,1933,207,2113,1
2480,394,2481,366,1894,1163,2433,1186,2456,341,2452,1190,1874,20,1629,78,2395,11,2412,23,2397,1104,2423,115,1266,23,2504,358,1590,142,1813,645,1629,337,1402,434,1710,759,2300,772,2382,775,2392,1096,1455,780,1587,656,1722,748,1592,602,2178,466,1481,633,1
2480,394,2481,366,1894,1163,2455,339,2456,366,2504,410,1439,1186,1610,766,1843,54,1991,37,2007,602,1706,1106,1869,232,1866,233,1869,232,1866,233,1869,232,1866,4
2480,1185,1959,610,1610,394,1955,568,2410,52,1580,547,1384,2
2480,1185,1290,52,1917,610,1710,1143,1701,1120,1786,1130,1810,13,1682,755,2057,288,1812,1138,1742,163,1551,19,1580,52,2455,394,1353,1252,1363,1228,1349,231,2203,1141,2456,1151,2412,121,2506,1194,1594,1111,2
2480,427,1304,1186,2410,69,1276,516,1673,1185,2433,1165,1812,91,2554,104,1579,1106,2412,341,2414,1109,2446,355,1757,1189,1403,995,2079,1035,1273,1033,1321,869,2491,1206,1453,612,2043,1059,1337,1231,2556,1250,2251,189,2530,80,2122,852,2178,1228,1321,1226,2416,17,2
2480,394,2481,366,2455,339,2410,1165,2456,366,1281,1143,1304,359,1416,1177,2458,1152,1405,530,2432,1186,1335,339,2556,1184,1337,1185,1365,1194,2412,547,1879,67,1942,354,1482,485,2279,1183,1472,354,1473,528,1543,592,1492,572,1554,53,1547,516,2277,1122,1710,1104,2231,33,2152,1108,1629,1120,1743,1130,2445,814,1499,121,2154,570,2002,135,1498,893,2233,1090,2549,903,1507,164,1552,897,2231,1093,2176,1092,2191,1
2433,394,1673,1231,2532,96,2412,500,1361,109,1438,96,2556,1163,1821,1143,2452,723,1399,1186,1388,1104,2006,232,2018,1190,1380,223,1634,144,2258,315,2423,1001,1267,35,1276,321,2263,997,1579,432,2558,1241,2272,112,1373,995,2245,232,2293,239,2392,247,2293,1206,2190,321,2340,468,2479,790,1490,1204,2499,490,1500,422,1492,1248,1494,410,1485,1247,2506,1246,2526,293,2456,1245,2
2556,1185,2480,1250,2504,1231,2532,1228,2568,1259,2525,766,2394,394,1361,478,1651,660,1498,781,2456,776,1489,652,1694,635,2433,758,1490,407,1482,367,1483,715,1548,697,2397,652,1549,97,1502,1166,1510,359,2435,1172,2469,456,1501,616,1508,66,1517,179,1510,119,2105,112,1519,28,1512,232,1520,79,1512,633,1
2480,1185,1959,1231,2037,610,2086,1104,2073,800,2083,106,1967,84,1377,1128,1610,341,1636,368,1775,284,2037,225,1943,69,1974,24,2456,156,1976,175,1651,185,1676,37,2433,233,2397,20,1301,52,1636,146,2452,1141,2469,134,1367,20,1481,84,1831,232,1435,239,2105,1228,1826,230,2208,276,1831,213,2156,221,1293,230,2412,1208,2414,1206,1911,237,1312,245,2207,1204,1426,1235,2024,246,2212,247,1876,240,2416,241,2418,2
2530,1143,1673,1186,1348,1163,1812,1250,2456,1104,1610,394,1353,549,2410,408,1656,1208,1703,983,1788,289,1337,544,1872,1120,2395,610,2480,1175,1769,1185,2476,1206,1353,737,1889,240,2010,1231,1849,231,1980,2
2480,394,2504,1163,2456,1175,2517,478,1281,359,1410,149,2458,1250,1673,1186,1656,20,2432,11,1762,726,1629,1190,1769,640,1614,516,1738,941,1499,1248,1724,1247,2064,1255,1938,811,2061,897,1616,883,1771,1141,1942,1054,2036,1208,2019,241,2003,233,2204,224,1843,223,1338,1
2456,1231,2480,1165,1673,96,1610,394,1290,516,1337,1185,1812,1194,2203,329,1894,373,2530,1216,2565,1122,2124,24,1896,1141,2469,1131,1894,327,2395,343,2412,130,2427,151,2347,1163,2491,468,2176,903,1405,1047,1433,288,2345,166,2217,285,1515,1065,1516,87,1509,359,2436,395,1517,1252,2438,1229,1
2456,1163,1337,1185,1417,1208,1337,1228,1301,1206,1673,1226,1656,52,1632,1204,1780,168,1426,394,2479,425,1325,516,1319,903,1349,498,2523,1050,1812,1047,2029,1250,1610,1248,2550,1224,2565,627,1911,248,2010,663,1991,359,1980,324,1978,344,2009,257,2012,631,2060,256,2244,247,1949,254,2533,299,2534,245,1651,254,1698,245,1900,253,1920,1
2412,1185,1276,341,2480,394,2455,122,2432,35,2456,1189,2451,144,1287,109,2530,478,1348,335,1895,474,1767,1163,1663,321,1758,468,1405,723,1353,766,1629,31,2506,587,1812,140,2176,100,2336,716,1514,577,1
2479,1228,2506,96,2526,119,1382,1120,2556,24,1610,341,1734,831,1457,1206,1290,368,1446,175,2279,389,1499,508,1559,408,2432,477,2474,1204,1836,1211,1928,1
2479,1185,2530,627,1348,1143,2410,1184,2432,52,1416,1122,1276,13,1853,65,1673,1163,1771,737,1348,394,2433,608,1610,329,2452,1152,1405,468,1758,723,1444,963,1289,770,1
2480,1163,2491,723,1610,607,1894,1208,1592,1143,1619,710,2
2456,1163,2480,1175,2504,394,1281,1143,1290,1122,1353,1193,2047,1120,1277,1252,1955,1250,1429,1237,1917,963,2079,721,1963,640,1433,225,1446,759,1927,106,2053,93,1930,224,1924,216,1927,103,1481,92,1472,40,1921,207,2077,769,1878,198,2413,199,1308,24,1447,2
2456,1163,1874,394,1843,1143,1859,366,1839,78,1991,530,2432,547,1980,1186,2479,1106,1384,1109,1994,232,1849,239,2004,1250,1987,981,1850,958,2058,1076,1498,485,1559,507,1565,64,1673,167,1506,1228,1967,238,2079,190,2397,1185,2399,1189,2451,1226,2400,1224,2565,245,1301,291,1318,252,2401,74,2402,86,1967,245,1952,236,2062,280,1303,220,2106,274,1941,214,1322,223,2114,230,1307,1
2456,1143,2480,1163,2504,1231,1610,1250,1337,359,1325,1208,1337,1206,1325,983,2491,1152,1758,479,2476,1186,1676,372,1281,341,1798,35,1397,1133,2433,530,1872,19,1984,690,1499,704,2410,586,1508,1205,1517,669,1780,737,1508,1249,1509,625,1
2480,1186,2456,1165,1610,1143,1337,1208,1673,1228,1321,1250,2412,1120,2458,1104,2423,675,1872,1117,1628,1190,2491,1141,2556,1226,1709,96,2504,1206,2525,109,2545,31,1742,1129,1874,671,1999,793,2086,521,1499,241,2079,13,3
2480,1163,2455,1185,1673,52,2456,1175,1701,1208,1769,1141,2476,1213,2020,725,1761,224,1682,394,1810,2
2480,1185,2456,20,2432,52,1673,394,1304,341,1812,1189,2451,466,1757,408,2064,1250,2070,659,2087,232,1673,622,2079,1141,1426,2
2480,1185,2455,35,2456,20,2432,11,2476,1165,2412,23,2556,91,2064,1177,1353,1208,1301,341,1960,1231,1870,591,1287,517,1629,417,1319,1206,1708,1212,1769,392,1771,715,1400,479,1498,353,1319,485,2258,407,1489,402,1352,209,1353,502,2568,988,1319,1048,1
2480,1163,1281,1143,1268,1120,1277,1250,1673,91,2554,166,2047,1175,2057,224,1329,216,2455,1187,1339,207,1322,1141,1277,1158,1755,394,1905,198,1654,549,1303,199,1745,1
2480,1163,1917,67,2433,1143,2452,1152,2491,146,1919,1185,2037,67,1919,52,1290,168,2455,127,2
2480,1163,2455,1185,1959,1231,2037,372,2086,415,2073,610,2083,627,2491,589,1965,607,1481,92,2504,78,1367,781,1337,1228,1439,106,1363,683,2532,669,2545,682,1490,700,1489,671,1349,44,1490,28,1489,580,1
2480,1185,1673,1206,2455,1212,2475,20,1301,141,1605,394,1280,1143,1268,1120,1277,1163,2491,1152,2433,67,2452,146,2152,120,2404,516,1701,408,2554,766,2566,875,2165,1184,1769,1032,1541,588,1629,759,2231,765,2504,635,2506,315,2169,1029,1489,904,1654,1053,1481,744,1473,750,2412,444,1466,1106,1460,894,2410,334,1465,617,1472,895,2412,890,1465,1252,1474,1250,1483,1248,1474,1247,1483,1246,1474,1243,1483,657,1
2480,1185,1673,1165,1281,1143,1268,1120,1277,1104,2432,1103,1288,1231,1812,1206,2456,1189,2451,1141,2469,341,2453,148,2481,158,2027,471,1771,394,2203,341,1799,240,1811,248,2213,160,2410,303,2422,355,1579,363,1498,449,2324,110,1734,852,1638,18,1752,128,2325,366,1660,1204,2169,248,1679,247,2504,352,1490,320,1661,239,2530,1216,2565,284,2145,356,1491,393,1492,499,1501,426,1491,394,2399,1250,2400,359,2401,448,2409,239,1841,247,2506,1248,1943,240,2077,231,1959,239,2508,230,2511,287,1492,232,1944,224,1925,216,1903,208,1881,200,1839,201,1485,200,1478,201,1848,1
2480,1185,1673,1165,2456,394,1610,1189,1757,1163,2491,1143,1678,1152,1758,468,1281,341,1290,20,2432,170,1405,35,1397,1133,2027,279,1354,1208,1337,63,1812,903,2125,232,2253,811,2351,240,2359,1032,2203,1045,1
2480,1185,2456,341,2458,321,1959,52,1353,1231,1957,452,1481,431,1411,69,1420,481,1925,932,2036,1165,1925,415,1947,78,2500,3
2433,1185,1610,341,1673,394,2479,1163,2456,366,1894,19,1301,1104,1758,723,2452,2
2480,1165,2456,1185,2432,1141,1321,1151,2451,1163,2491,394,1610,1189,1403,468,2152,341,1874,611,1482,645,1489,698,1490,454,1999,92,2504,467,2017,67,1898,852,1499,840,1508,53,1517,70,1508,1206,2038,1205,1509,742,1922,761,1554,845,1494,769,1651,932,1874,847,1484,748,2083,731,2070,82,1538,183,1467,581,1477,928,1475,562,3
2480,1185,1673,341,2456,20,2432,69,1290,2
2480,1185,1290,35,1959,1231,2037,241,2086,1208,2083,372,1967,415,2074,2
2480,1185,1673,341,1610,394,1290,35,1894,516,2455,1165,1353,1252,1363,1122,1813,610,1464,903,2297,1106,1636,468,1420,1058,2491,314,2456,19,1304,24,1898,1208,1964,240,1356,241,1966,1
2480,1185,1673,341,1290,1252,1812,394,1610,35,2395,516,2412,69,2414,355,1757,1189,1651,35,2133,478,2504,410,2506,366,2455,335,1742,1170,2456,69,2203,1122,2397,102,2530,80,1498,903,2136,1141,1321,24,2326,852,2105,1165,2432,591,1490,656,2277,637,1483,656,1934,856,2532,185,2075,764,2
2456,1122,2479,1252,1917,1163,2433,1186,1610,24,2410,394,1304,19,1276,1228,1870,591,2395,131,1392,1120,2446,1143,1673,425,1812,1147,2397,1106,1656,589,2079,3
2480,1185,1959,341,1673,1165,2530,1231,1955,188,1449,2
2479,1186,2504,341,2432,1206,1304,1106,1579,1231,1651,394,2532,1163,1812,610,1836,54,1634,466,2451,517,2545,1236,2480,964,1499,106,2500,1196,2203,67,1855,958,2211,871,1612,848,2410,1120,2397,956,1266,612,2412,359,2399,479,1771,1019,4
2480,1185,2456,1189,2017,1165,1902,372,1877,1231,1353,96,2070,963,2083,1208,1429,224,1420,740,2073,1122,1319,612,1964,610,1965,24,1352,215,1877,315,1858,339,1610,736,1769,1163,1894,1175,2176,852,1399,138,1872,91,2
2480,1163,2455,1186,2506,20,1301,1104,1710,1161,1319,54,1812,394,2395,35,2481,425,1451,516,2412,659,2530,610,2427,1231,1335,706,1701,341,1396,1133,2397,813,2432,1170,1507,1149,2014,40,1654,13,1744,40,1974,901,1610,875,1574,866,1681,257,1829,875,2456,1250,1597,1037,2012,248,1952,255,1966,1
2480,1185,1673,341,1280,394,1812,355,1757,478,2203,358,2353,69,1268,516,1610,80,2207,4
2410,1185,1276,1208,2480,341,1960,1231,1957,1228,1960,232,1267,231,1291,1163,1280,1175,1961,191,1291,224,1710,355,2432,334,1481,431,2203,233,2207,1226,1694,154,2516,372,1651,357,1405,723,1634,1189,2451,687,2404,441,2530,1104,2556,800,2558,848,1490,829,2560,332,1390,1002,1266,788,1276,791,1289,932,2458,1143,2460,930,1306,1103,2463,149,1289,839,1269,1102,1278,1101,1292,1098,1306,526,1481,1141,1394,1025,1490,1120,1498,1117,1490,1116,2455,1188,1543,1114,2480,1113,1491,843,1501,846,1491,554,1482,840,1481,520,1
2456,1186,1673,341,1353,1208,1363,1163,2432,19,2445,443,1821,341,2532,1228,1349,1185,2476,1213,1771,241,1747,1133,2004,179,2554,372,1926,249,2067,411,2064,1141,2480,1161,1291,248,1579,1159,1592,1158,1481,529,1886,255,1610,811,2506,1041,2508,372,1339,248,2511,287,1401,986,1637,1039,1405,547,2152,1139,1393,662,1473,341,2173,247,2301,643,2380,255,2276,248,2259,3
2480,341,1290,1185,1673,1165,2432,91,2456,69,1308,1189,1397,1133,2017,104,2070,224,2086,94,1602,80,1812,193,2203,1163,2491,80,2433,1152,2452,102,1612,627,3
2432,1141,1836,1122,2456,394,2479,24,1651,1186,1676,52,2530,168,2544,185,2469,1131,1271,438,2433,516,1301,831,1993,696,2
2456,1186,2433,1163,1610,1171,2479,19,1393,131,2425,1122,1304,54,1673,394,1812,575,1275,531,2397,1120,1656,37,1747,457,2480,1185,2458,314,2506,1194,2365,516,2481,1143,2501,811,1874,1237,2084,1
2456,1186,2433,20,1610,1143,2435,529,1301,315,1673,1122,2395,130,1392,547,1656,1131,1874,831,2397,321,2406,465,1756,1147,1744,1117,1301,1106,2479,829,1377,116,1726,999,2308,1116,2119,232,1279,239,1812,1163,1266,1185,2506,1189,2490,1231,2235,248,2315,372,2394,303,1420,248,2143,1250,1363,255,2370,1228,2527,247,2242,248,2410,256,2412,248,2414,256,2537,248,2416,249,2418,248,2419,255,2141,248,1343,294,1364,238,1930,229,2214,274,2211,282,1926,229,1908,221,1828,213,1821,214,2530,1161,2532,1259,1507,1159,1508,1157,1854,221,2015,229,1895,238,2065,230,1921,222,1500,214,1491,222,1899,214,1878,206,1483,215,1475,216,1350,215,1883,208,1477,200,1851,199,1845,1
2456,394,1673,1163,2433,1171,1610,1186,2479,341,1393,1106,2395,1120,1265,52,2412,1185,1812,516,1276,78,2480,478,1769,156,2203,78,1712,466,1782,491,1275,355,1403,1141,1321,1146,1874,1124,2084,1
2456,1163,2433,1143,1610,1171,2479,359,1393,324,1277,357,1917,1186,1758,1190,2397,67,2480,1175,1896,120,1983,1250,1991,1206,2006,232,1861,233,1863,232,1354,240,1411,1043,1866,233,1863,873,1831,875,1978,1037,2017,394,1813,232,1902,240,2051,1248,2532,1231,2189,69,1919,233,2115,240,2534,853,2165,1028,2007,373,1858,241,2034,358,1918,233,2399,344,2400,225,1829,35,1880,52,1952,224,2068,216,1922,209,1843,216,1849,225,2536,35,2538,164,2541,1
2480,1185,1673,394,1610,341,2456,1165,1321,1122,1290,610,1812,67,1874,132,2000,591,2124,1104,2476,479,1771,1163,1758,468,2018,723,2340,35,1394,1131,2328,516,2332,1103,2410,940,2370,1054,2165,1107,2404,1052,2504,891,2433,813,2412,831,2414,839,2532,821,2506,825,2508,823,2534,975,2510,1237,2547,241,2512,981,2176,959,1498,929,1507,959,1500,929,1490,904,2522,285,2169,240,2189,231,2392,238,2286,247,2274,300,2295,247,2435,900,1482,897,2274,240,2117,1024,2416,870,1473,847,1482,870,1473,847,1482,4
2456,394,2433,1186,1673,1163,1610,19,2395,69,2479,341,2412,1122,2435,1131,2427,24,1280,1106,1397,136,1812,591,1656,575,1747,591,1656,575,1616,84,2506,551,1820,359,1656,875,1616,852,1584,678,2508,1196,2367,551,2212,225,1758,1143,1594,479,1752,353,1301,273,2480,318,1853,69,2481,224,1924,216,2055,224,2484,225,1270,217,2070,903,2083,591,2496,278,1923,1
2480,1141,2456,1139,2458,1185,1393,610,1673,545,2432,704,1771,736,1894,759,2231,723,2433,608,2506,20,1301,141,1755,394,2508,752,2367,516,1813,903,2258,1165,2256,91,2383,295,1936,1054,2554,891,1938,893,2031,1250,2566,500,1943,241,2277,1208,1944,359,2389,416,2295,232,2292,225,1952,216,1980,354,1473,339,1978,315,2287,1206,1673,1204,2284,322,1466,353,1634,309,1824,1122,1828,225,2294,1
2456,1163,2433,341,1610,1171,2479,78,1393,321,2395,334,1498,431,1304,143,2016,320,1301,463,2014,1141,2458,1186,2460,148,1592,65,2027,1043,1727,862,1489,1004,2506,32,1498,820,1499,394,2556,409,1508,476,1620,384,1500,48,1651,352,1509,1085,1757,1151,1639,224,1786,932,1657,223,2558,366,1613,214,1656,395,1510,1094,1
2456,1163,2433,1185,2479,341,1610,19,1301,1189,1758,141,2014,1174,2033,67,1813,659,1751,2
2480,1185,1673,19,2432,35,2455,1120,1771,1165,1673,1252,2456,23,1385,359,1894,1104,2481,13,1377,999,2494,372,2472,575,1812,137,2410,899,1874,531,1976,999,2433,516,2458,958,1301,954,1610,392,1592,23,2554,405,2566,363,1515,394,2395,501,1516,1250,2412,486,1517,1230,1562,56,1569,407,1519,393,1518,414,1519,1206,2363,929,1510,1204,1426,849,1509,959,1516,392,2423,115,2460,31,2462,80,1325,982,1509,365,1501,455,1429,1072,1510,932,2176,875,1610,324,1656,256,2532,470,1762,964,1502,255,2280,248,2534,875,2536,249,1681,241,2346,232,2189,241,2294,1
2456,1163,2433,78,1610,1171,2479,341,1393,1186,2395,394,1673,63,2412,166,2047,591,1265,1185,2476,479,1894,354,1498,449,2324,517,1841,693,1734,366,2333,209,2370,861,1490,1085,1308,1087,2322,217,1728,225,1617,233,2146,224,1416,216,2414,112,2417,224,2394,223,2418,214,2419,19,1985,1
2480,1185,1290,341,1917,394,1651,1252,1676,35,1636,355,1874,516,1785,754,1308,452,1996,747,1481,759,2203,642,2205,634,2203,642,2205,634,2203,642,4
2480,1185,2456,341,2432,394,1629,52,2458,372,1612,478,1940,394,2070,411,1353,425,1411,505,1342,84,1444,183,2530,516,2460,1120,1652,1153,1636,24,2176,372,1776,257,1384,185,1409,811,2341,1208,1678,930,1328,84,2345,830,2373,1
2480,1122,1610,24,1673,1208,1290,1186,1634,1163,1277,35,1621,144,1757,1175,1894,1182,1812,721,2474,589,2176,610,1872,315,2397,875,1894,339,1265,366,2504,339,2399,1127,1301,1206,1375,873,2432,1250,1278,13,2433,1248,1394,706,2343,278,1871,232,1872,1247,2530,981,2176,394,1889,240,2189,470,2024,610,2042,284,2435,958,2506,224,2412,215,1419,1056,1499,206,1500,265,2532,1218,1561,40,1567,270,1509,1104,2556,1103,2508,928,1510,1070,1511,1102,2558,1101,2480,897,1564,1098,2560,957,1504,667,2481,666,1503,926,1
2480,1185,1673,1208,1290,341,1812,35,1610,314,2395,455,2455,358,2412,23,1636,48,1757,1189,1940,372,2070,963,2083,468,2074,232,2027,279,1276,390,1403,363,2
2456,1163,2433,1186,1610,394,1673,19,1301,516,2479,903,2480,1175,1769,478,1383,341,1266,314,2410,1122,1304,335,1853,1185,1456,257,1771,721,1812,737,2253,730,2347,1045,1
2480,1185,1673,394,1610,19,1290,130,2467,516,1353,610,1429,754,1812,341,2397,1122,1265,24,1275,314,2410,156,2412,166,2047,748,2543,337,1265,351,2253,488,1507,473,2347,1141,2352,1146,2445,809,2433,1021,1393,852,1277,1165,2239,1231,1433,248,1328,903,2244,255,2241,1163,2
2456,1165,1673,1185,2433,341,1610,1189,1592,78,1606,466,1757,627,1782,752,2479,517,1301,1106,1319,394,1812,366,1335,1163,2532,643,1416,1175,2506,568,2534,704,1941,209,1289,19,2122,130,2326,671,2176,1032,2013,683,2157,549,2350,1206,2547,1237,2213,739,1891,964,1499,523,1500,772,1894,639,1492,904,1483,1051,1482,1049,1546,750,1483,1141,1474,1120,1483,1140,1474,1104,1473,1117,1465,1116,1460,1138,1530,545,1473,1103,1472,1102,1473,1101,1483,1098,1491,597,1500,557,1
2480,1163,1304,1185,1610,1208,1758,35,2410,341,1280,1106,1397,1133,1610,1104,2397,48,1276,67,1706,23,1697,1141,1623,1139,2506,1145,2508,83,2444,15,2133,831,1289,1143,1375,675,2412,1007,2316,688,1610,18,1960,224,1917,114,1876,589,2021,277,1723,372,1651,831,1663,1141,1490,1139,2455,341,2468,825,1593,224,1727,439,1615,215,1632,1021,2152,206,1482,1014,1740,341,1651,214,1474,1250,2530,314,2556,206,1607,214,1633,223,1467,342,1468,372,1672,415,2532,1259,1794,427,1807,1242,1475,1250,4
2480,1185,1673,1208,2456,20,2432,11,2412,23,2476,1104,2501,754,1353,608,1337,1165,1602,1108,2445,627,2530,341,1612,48,2133,993,1622,91,1319,443,2316,166,1425,788,2133,372,1321,341,1403,721,2302,582,1319,563,2119,360,1281,1143,1319,1163,2491,1152,1281,232,1895,240,1812,544,2133,3
2480,341,1959,355,1290,452,1481,365,2474,1104,2056,1
2480,341,1290,314,1579,455,1743,1104,1656,800,1917,829,2056,1
1610,1185,2480,394,1290,341,1894,1106,1896,1120,1304,321,1319,452,1498,477,2516,24,1673,478,2455,453,2425,1163,1506,69,1276,1252,1771,516,1365,40,2231,1208,1703,903,1776,1058,2237,1050,2231,1035,1355,862,1287,993,2556,589,2558,91,2284,638,2277,760,1
2480,394,2455,341,1673,408,1319,355,1812,1185,2432,627,2451,52,1353,608,1771,1208,1794,1219,2458,663,1807,1242,2456,1250,2481,932,2493,923,2472,978,1452,1093,2080,241,2083,1165,1629,1104,1654,91,1796,1103,1654,59,2253,45,1760,1102,2016,795,2421,248,1738,239,1918,246,2212,247,1919,995,2214,254,2212,247,2239,248,2241,864,1943,256,2244,257,1944,975,1948,1
1673,1163,2456,341,1610,1186,1337,394,2480,1175,1701,408,2554,394,1592,1106,1639,1153,1290,610,1894,466,1872,341,1407,591,1419,593,1399,1029,1855,725,1822,437,1769,478,2504,394,2410,607,1499,1018,1506,638,2231,760,1
2456,1163,2433,1171,2410,1145,2404,341,2479,78,1610,1185,2476,479,2554,394,1636,2
2480,1185,1610,394,1673,35,1771,610,2456,23,1290,341,1433,2
2480,1185,1673,394,1610,341,1290,35,1701,516,1636,478,1769,1206,1701,1252,1751,1163,1729,1171,1673,903,1812,67,1894,680,1771,479,2036,552,2002,1122,1877,593,2025,1043,2455,1150,2450,1035,1321,33,2251,1120,2338,142,2176,29,2192,240,1379,1228,2145,1250,2318,1226,1286,1248,2160,16,2395,1247,2530,1204,1426,5,2397,16,2399,45,2166,231,2412,238,2162,229,2414,236,2416,63,2400,24,2408,227,2419,236,1965,227,1296,226,2109,227,2418,236,1315,2
2506,394,1673,1186,2455,20,1610,11,2480,516,2508,1196,2500,341,1894,1165,1337,903,1321,170,1813,23,2532,179,2554,104,1348,155,1464,1104,1913,1103,1712,1102,2421,995,1592,800,2456,534,1749,533,1777,482,2203,993,2432,790,1473,523,1483,1044,2028,759,1791,95,1490,106,1498,47,1506,394,1515,1231,1870,63,1712,77,1506,62,1498,185,1815,366,1831,248,1991,352,1489,389,1490,27,1779,167,1553,1250,2004,1228,2458,1227,2566,1248,2020,1247,1902,241,2460,1246,1908,248,2462,1245,1508,667,2464,663,2057,257,1930,756,1658,4
2480,1185,1280,1143,1268,1120,1277,394,1673,35,1771,478,1433,232,2456,932,1917,612,2034,1073,1748,223,2470,216,2043,271,2055,2
2480,1185,2456,1165,1290,394,2476,1177,2504,1141,2432,69,1836,341,1433,241,1290,314,1820,1122,2412,455,2427,582,1710,1131,1672,324,1756,436,1812,453,1742,13,1771,163,1551,875,1353,1252,1363,52,1704,249,1810,303,1429,1237,1592,186,1727,1250,1616,873,4
2480,1185,2456,341,2458,355,2556,394,2432,478,2451,20,1610,777,2388,453,2425,52,2476,158,2209,516,2352,1165,2207,78,1894,1122,2217,945,2044,1060,1481,92,1473,888,1276,79,1304,897,1673,1039,2203,1250,2219,256,1702,247,1710,143,1466,828,1460,799,1466,2
2480,1186,2456,394,2481,366,1917,20,2432,1206,2445,516,1629,1122,1769,1212,2034,1141,1980,341,1673,443,1353,612,1898,1163,2493,1252,1301,334,1996,1185,1771,78,1838,256,1813,1151,2203,576,1481,30,1998,249,1291,257,2462,726,1762,875,1656,1159,1756,1104,1656,1120,1683,249,1765,1130,2001,2
2456,1186,2458,20,2432,35,2412,52,2478,1214,2530,394,1353,516,2556,610,2558,903,2560,1242,2391,357,1420,1058,2433,443,1872,1122,1943,241,2242,930,2371,288,1960,232,2085,225,1967,232,1579,334,1741,1104,2010,20,1733,1108,2007,315,1989,831,1976,2
2480,1186,1319,1141,2432,52,2410,394,1710,516,1812,478,1676,65,1714,1231,1697,358,2456,1151,2451,80,2458,1190,2018,69,1367,903,1629,1122,1980,341,2122,13,2025,471,1377,93,1673,127,2324,366,1769,1052,2167,903,2117,1208,2309,901,2397,1228,2412,1206,2399,1127,2423,1226,2554,1233,2543,890,1507,1163,1298,1161,2400,1159,2143,1157,1401,859,2188,788,2401,1204,1426,370,1321,1252,2186,343,1282,323,1285,469,2403,1001,1380,337,1310,256,1306,324,1324,249,2506,359,2508,241,1293,233,1273,339,2510,478,4
2480,1185,2456,52,1610,1189,2017,341,1870,394,1290,516,1673,612,1812,478,1769,735,2203,704,2207,368,2410,568,1891,488,2543,645,1514,663,2217,773,1
2480,1185,1673,1208,1290,427,1812,1122,2455,341,1453,1242,1610,321,2395,341,1308,831,1396,1173,2456,1141,2469,1131,2027,279,2125,233,1636,1004,1751,240,2178,1250,2152,106,2194,127,2324,830,1636,873,2554,24,1652,156,1612,50,1652,871,1758,1039,1498,831,1490,1184,1650,829,2176,231,2340,276,2504,800,2518,281,2532,995,2551,1090,1695,1104,1650,1103,1632,1102,1746,222,1590,1101,1577,974,1483,1206,2434,214,1474,970,1465,1093,1523,974,1466,970,1608,820,1474,1204,1634,1202,1779,915,1701,838,1483,205,1809,1021,1680,214,1655,1052,1548,4
2432,1185,2504,394,2479,1184,2455,1163,2475,1175,2517,478,1281,1143,1268,715,1541,386,1489,507,1629,35,2395,154,1490,73,1708,516,2412,904,1483,79,1475,1121,1466,1126,1525,359,1276,67,2385,906,2231,325,1462,875,1463,34,1462,870,2414,1009,1463,826,1743,796,1582,875,2363,869,1527,887,1533,801,1477,783,1539,801,1468,783,1469,241,1634,801,1468,783,1478,233,1469,225,2370,801,1468,783,1469,801,1468,217,1590,782,1724,998,1526,2
2480,1185,1673,1143,1290,1163,2491,372,1610,1120,1734,1147,1385,359,1771,831,1410,149,1917,344,2056,1
2480,1185,1673,341,1610,1165,2455,394,1701,610,1710,91,1872,355,1319,591,1812,188,2549,775,1896,733,2516,451,2133,1143,1299,321,1580,464,2239,517,2235,478,1277,1206,1329,209,2367,1231,2241,492,1301,357,1269,903,1361,106,2231,476,2243,989,1297,201,2392,1228,2391,1226,1407,1239,2290,916,1
2456,1186,2432,394,2479,1163,1673,52,1821,54,1836,516,1991,341,2433,831,1825,1171,1393,366,1812,627,2530,748,1629,462,1401,1185,2480,100,2476,636,1
2480,1185,1959,1165,1290,1231,1917,394,1610,91,1896,96,2504,54,2506,610,1636,408,1917,593,2519,1177,1751,710,2057,225,2070,568,2087,216,2455,619,1481,365,1415,92,1673,759,2258,167,1472,598,2085,359,2068,734,1464,932,2410,59,2261,585,2260,916,1
2480,1185,1673,35,1290,627,1812,372,2456,1143,2469,1163,2491,1152,1405,468,2018,516,1353,608,2038,160,1771,341,1747,1133,1330,940,1311,811,2176,33,1610,1231,2410,67,2412,873,1651,50,1634,831,2395,1104,2432,1108,2445,903,2203,895,2397,1037,2414,1147,2219,248,1327,255,1403,1125,2305,871,2105,928,2283,248,1430,287,2155,1250,2436,136,2331,238,2224,1214,2554,1228,2533,1259,2567,292,2354,252,2289,245,2241,253,1507,245,2505,253,2288,1
2480,1185,1959,1231,2037,610,2086,736,1651,699,2073,1163,1676,698,1490,683,2083,669,1579,671,1955,188,2549,673,1758,1143,1619,225,1729,542,2258,52,2277,561,2556,604,1481,769,1489,772,1290,35,1431,747,1481,777,1441,315,1340,19,1328,339,1340,653,1323,717,1
2456,1186,1673,627,2410,20,1602,341,1276,1163,2479,417,1304,392,1812,516,1656,643,1894,423,2530,392,1427,1196,1647,610,2124,1208,1841,1213,1771,479,2019,396,2395,52,2253,903,2480,1143,1857,1212,2458,1120,2350,1130,2356,1058,2426,1152,2452,91,2
2480,1185,1673,394,1610,19,1290,130,2425,341,2455,1165,1353,1252,1363,1228,1349,516,1812,1120,1277,831,1894,1106,2456,1189,2451,1163,2491,1104,2471,1117,1656,13,1976,2
2456,1186,2480,1122,1304,394,1337,24,1651,156,1280,175,2258,50,2397,1143,1304,1141,1600,341,1592,1139,1619,710,1398,1150,2450,314,2412,122,1498,516,2133,18,2315,441,1983,43,1311,936,2458,838,1507,468,1841,875,2324,127,1740,391,1500,422,1651,1231,1508,410,2066,248,1330,852,1676,841,2556,1036,1756,1208,1919,1206,2558,249,2570,1263,1961,240,1964,233,1952,284,1949,233,1967,232,1964,223,1676,1185,1798,222,1959,1184,2052,221,1656,1182,3
2455,1185,2480,52,2456,1208,2458,372,1321,1141,1290,1106,1673,1122,1610,516,1580,1120,1394,1125,1407,411,1434,756,2461,257,1879,802,2530,24,1874,37,1712,510,2550,1104,1813,1228,2568,1219,2300,745,2379,772,2273,1
2480,1186,2455,35,1673,1163,2456,52,1304,341,2432,1122,1812,347,1602,24,1821,1143,1280,1147,1988,341,1874,573,2412,394,2414,314,2397,478,1769,1175,1896,1193,2543,187,1507,320,2133,449,2150,517,2277,76,1874,127,2324,50,2203,566,1896,674,1919,691,2055,989,2070,1066,1978,1065,1552,933,1491,922,1482,541,1481,537,1490,583,1
2480,1186,1290,659,1917,394,1610,1185,1938,622,1636,468,1405,663,2456,1189,1902,69,1453,1242,2087,84,1673,1143,1290,1120,1433,288,2085,231,1924,232,1757,96,2481,24,2483,144,1929,223,1921,65,2177,283,2082,80,2187,277,2054,216,1812,1163,2203,207,2215,40,2213,359,2331,208,2186,492,2368,91,2554,59,2239,903,2340,33,2189,215,2309,207,2188,215,2115,207,2188,215,2115,207,4
2480,1185,1673,1165,1290,394,1701,67,1277,1163,2491,91,2460,139,1541,1153,1786,549,1761,725,2455,408,1489,2
2480,1185,1673,1165,1290,394,1701,69,1786,516,1765,2
2480,1185,1673,52,1290,1141,1701,529,1786,394,1761,225,1683,216,1810,341,1812,478,1610,358,1894,1120,1735,445,1384,355,2037,1165,1908,207,1889,266,2020,363,1514,449,2131,91,2412,265,2134,213,1921,222,2064,1097,1924,223,1876,216,2139,671,2329,207,1842,1
2433,1141,1610,1185,2455,394,1710,1252,2506,1228,2519,408,2530,96,1348,158,1812,573,1308,508,2370,932,2374,289,1566,178,1507,1226,1914,233,1337,168,1780,1165,1658,610,1919,160,2081,147,2452,359,1967,631,1960,629,2064,368,2231,610,1952,224,1980,645,1499,409,1489,660,1482,364,1992,225,2246,1
2480,1185,1673,341,1290,394,2410,19,1579,516,1812,1165,1276,91,2432,112,1372,478,1832,78,1712,462,2051,483,1551,777,2530,772,2203,652,1490,653,1304,813,2258,1231,1884,757,1290,901,1433,914,1903,747,1483,763,1473,248,1407,919,1481,633,1
2456,394,1673,1186,1610,19,1321,341,2395,11,2412,23,1580,144,1403,466,1757,1185,1678,516,2480,478,1959,1231,1717,248,2037,1208,2034,301,1958,248,1813,1163,2506,591,1614,610,1891,903,1280,1143,1332,1122,2556,1131,2281,1146,2207,734,2178,1124,1915,597,2176,745,1464,832,1459,700,1524,713,1271,116,1459,892,1460,585,2508,894,1459,527,1
2480,1185,1673,341,1280,1106,1396,1173,1610,1206,2500,170,1712,67,1812,627,1673,1228,2455,372,1654,624,1670,106,1773,127,2324,739,2203,411,2432,517,2456,987,1701,671,2154,873,1673,909,1872,1120,2410,686,1701,390,2352,537,2152,646,2049,582,1658,963,1614,871,1756,208,1615,207,1654,1104,1760,1153,2213,1103,2341,852,1896,216,1900,1102,2289,207,2103,804,1861,208,2006,209,2392,1101,1865,1
2480,1185,1917,341,1290,394,1855,478,1836,627,1433,755,2057,288,2455,20,2432,339,2395,465,1482,485,2405,507,1490,1163,1710,78,1629,1106,1702,239,1647,91,1498,78,1506,1252,1710,1184,1634,466,2451,188,2549,1141,2427,1122,2448,985,1565,1010,1507,852,1337,840,1508,824,1509,951,1518,1091,1
2480,1185,2456,1189,2017,394,1353,1141,1820,1122,1610,1106,1673,1120,1384,24,1290,341,1812,355,1656,552,2024,470,1432,1
2480,1186,2456,1163,1610,394,1673,1175,1281,1143,1268,1193,2047,721,1321,605,2176,19,1812,516,2395,35,1919,661,1864,329,1394,456,2190,54,2176,818,1654,402,2182,1185,2157,598,2036,596,1
2480,1186,2455,20,1301,141,2014,394,1673,408,2530,341,1361,355,1438,488,1425,1122,1812,13,2203,963,2456,1165,2458,1185,2410,1141,2433,627,1896,517,1629,1228,1352,209,1673,1252,2395,40,1365,1104,2412,1108,2405,24,2427,1131,2220,216,1836,804,1992,225,1981,232,1351,1001,2144,233,2312,593,1314,232,1329,239,2345,2
2480,1186,1290,394,1610,341,1673,19,2456,131,2425,1106,1353,1120,1304,1252,1363,1228,1349,1226,1656,479,2476,425,2064,498,2565,1250,1947,932,2389,1206,2500,930,1952,932,1947,930,1952,932,1947,930,2295,232,2521,1083,2345,279,2495,149,2433,983,1455,1130,1323,831,2432,821,2506,232,2508,71,2511,231,2176,282,2185,2
2480,1185,1673,341,2455,35,1610,394,2412,48,1353,131,1629,2
2480,1122,1673,341,2456,1186,1701,427,1917,20,2432,466,1874,35,2451,20,1610,1208,1710,1185,2476,1213,1917,1143,1290,1163,2491,1152,1405,573,1701,13,1380,610,2395,396,1295,225,1787,2
2480,1186,1290,659,2456,736,1651,759,1697,571,2410,20,1301,52,1610,177,2565,771,1490,662,1489,653,1917,341,2458,355,1898,1185,2460,1153,1636,634,1332,323,2433,241,2446,1106,1594,831,2152,394,1752,478,1278,747,1481,744,1473,599,1464,691,1408,469,1760,584,2154,762,2
2480,1185,1673,341,1610,394,2456,610,1290,1189,1636,545,1733,122,1629,478,1812,462,2204,372,1917,2
2480,1185,1673,1208,2432,341,1290,417,1836,411,1345,232,1857,390,2258,370,2410,1228,1267,288,1634,466,2451,1189,2481,1250,1852,2
2480,1163,1610,1175,1769,78,1281,1143,1639,725,1290,607,1651,603,2432,759,1836,771,1694,758,1490,92,1491,597,1501,632,1433,225,1991,774,1561,637,1502,747,1495,599,1502,619,1495,394,1886,330,2456,602,1502,604,1510,1253,1
2456,1185,2476,341,2506,660,2530,20,2432,640,2445,443,1301,357,2480,418,2491,1165,2501,1250,1821,1143,1899,224,1907,1
2480,1186,1610,394,1673,341,1290,1163,1277,35,1812,1161,1580,478,1894,516,2034,321,2203,52,1419,1214,2039,257,1701,160,1773,187,1566,660,1506,451,2530,640,1586,472,1788,1074,2455,389,1507,424,1498,387,1301,463,1507,621,1516,662,1507,621,1506,747,1514,621,1515,619,1516,920,1654,478,2475,1079,1517,623,1518,660,1568,2
2480,1185,1673,52,2456,1189,1757,20,2432,35,1321,1163,1678,154,1768,1175,2027,279,1629,1250,1769,981,1814,233,1290,78,1782,958,1689,848,2410,315,1805,241,1701,394,1784,1237,1786,232,2298,241,2192,1043,1764,829,1377,1128,1659,240,1749,247,1636,827,2433,797,2397,846,2213,1039,2452,240,2308,247,2309,238,2460,231,2462,223,2466,230,2111,231,1880,232,2116,241,1830,1
2456,1163,1610,1186,2480,341,2491,466,2478,480,1281,1143,1290,715,1541,339,2412,92,1489,315,2414,339,2429,1133,2504,67,1654,132,1744,1231,1632,96,1588,32,1481,876,1301,119,1489,109,2
2456,1163,2479,1122,1610,1141,2469,1131,1758,1186,1610,341,1917,24,1280,852,1894,394,1673,357,1758,1190,1268,530,2412,674,1812,688,1301,52,1383,1146,2532,516,2124,940,2340,39,2139,13,2285,152,1507,368,1701,179,2392,75,1508,37,2133,831,2506,1208,1710,2
2480,1185,1959,1231,2037,69,2086,1165,2074,84,2083,341,2455,321,1579,1141,2432,315,2456,1151,1281,54,2433,339,1965,478,2017,339,2412,611,1321,366,1879,517,2504,335,1877,313,1651,209,1610,318,1654,605,1872,455,1852,123,1353,1208,1429,903,1417,1177,1734,122,1498,875,2000,861,2
2456,1163,1610,1186,1673,341,2479,394,1304,589,1812,321,2480,54,2491,1190,1656,91,2504,104,1592,549,2395,517,2405,1143,1610,722,2233,737,1894,731,2348,121,2107,36,1498,987,2359,1059,1341,209,1339,201,2157,1171,2532,94,1441,1220,1654,478,2517,1052,2
2480,1185,1280,1143,1268,1120,1277,394,1610,52,2397,1117,1578,516,2432,13,1651,408,1812,45,2504,36,1514,659,2525,764,2445,156,2427,760,1
2480,1185,1673,394,1610,341,2456,19,1301,1163,2491,466,1771,468,1290,91,2504,78,1405,1208,1682,591,1810,517,1682,1250,1764,727,1812,1143,1323,67,2395,69,1651,1206,1757,1212,1773,589,1800,663,1453,2
2480,1185,1673,394,2432,35,2456,23,1771,478,1290,516,1812,643,1439,903,1433,241,1422,285,2203,1165,1612,1252,2351,224,1737,1148,1363,1163,2211,341,1891,223,1331,216,2340,54,1312,217,1911,162,1629,83,2239,94,2237,224,1325,903,1612,479,2476,1120,2177,215,1638,1054,1654,1104,2187,216,2412,156,2423,50,2340,889,1
2480,1141,2481,341,1673,1231,1280,96,1396,1133,2456,1151,2017,13,1610,549,1989,1111,1321,1120,2395,427,1453,191,1812,516,2253,1186,1654,811,1614,40,2124,940,1654,1163,2493,1206,1681,241,1777,1059,2462,875,2473,1029,2186,232,2202,240,2216,249,2092,84,2217,1059,2359,240,2167,52,2330,232,2141,231,2318,1252,2397,1228,2399,1226,1635,239,2400,232,1783,224,2
2506,1206,1673,1122,2455,24,1610,1165,2480,341,1321,591,1872,321,2395,341,2456,314,1280,1143,1268,1120,1277,337,1393,1130,2481,427,1812,408,2554,476,2031,1231,2253,106,2412,1163,1580,573,1614,40,1515,831,1583,116,2121,963,2397,1141,2414,24,2432,529,2103,549,2220,1151,1757,568,1938,1228,2526,1081,1957,958,1959,1104,2051,40,1917,1186,2231,610,1616,659,1739,77,2530,178,1507,159,1514,126,1930,224,2244,610,2041,1
2480,1163,1281,1143,1304,394,2433,478,2452,529,1651,1152,1600,341,1812,1231,1891,96,1676,453,1896,516,2467,1161,1894,1169,2425,701,1276,683,1982,119,2121,48,1636,875,1618,831,2148,165,2363,1035,2227,67,2205,852,1773,1214,2354,1120,2356,481,2395,995,2203,392,2211,1117,2205,1116,1499,791,1500,1047,1546,1114,1482,1112,2532,542,2545,840,1489,536,1
2480,1143,2481,1165,2456,1177,1673,1189,1757,1141,1281,54,1874,530,2432,1151,1922,123,1869,593,1991,37,1836,175,2258,50,1853,1231,1629,1206,1821,3
2480,1141,2432,1186,2481,1163,2456,1139,2506,372,2530,374,1579,69,1710,1231,1672,516,1592,1106,1579,549,1319,903,1699,84,1681,257,1365,875,1441,69,1959,248,2085,241,2056,1
2480,1185,1673,394,1290,478,1771,610,1786,336,1319,460,1541,288,2432,233,2456,1163,2506,1143,2530,78,2203,359,1366,1231,2358,284,1319,1120,1335,324,2410,1106,1629,852,1267,233,1292,359,1278,1250,1472,1248,1465,1257,2565,975,1671,1141,1266,1139,2426,113,1524,831,1652,1078,2203,29,1679,225,1793,1104,2452,1119,1465,1116,2508,1103,2404,1107,2152,324,2528,216,2538,338,1458,1115,1459,805,1
2410,1185,1276,1208,2530,1163,1348,1184,2455,1206,2475,1175,2504,715,1541,1193,1425,341,1710,67,1676,518,1629,54,1714,69,1444,394,1457,1097,2532,1217,2231,512,1438,179,1673,876,1489,321,2432,334,1499,431,2302,36,1507,862,2203,391,1498,166,2498,1122,2412,121,2445,1087,2397,972,1499,1044,1545,354,1482,443,1491,334,1492,1250,2506,1248,2508,1247,2510,1246,2512,1245,1494,668,1495,631,1503,1141,2399,1139,2400,1138,1502,321,1511,438,1503,1136,1511,1134,1503,2
2480,1185,1673,1165,2433,394,2455,1231,2554,96,2532,516,2534,425,1321,1141,1610,1104,1319,341,2395,1122,1709,390,1426,1194,1351,355,2504,766,1812,659,1636,639,1514,179,2566,1103,2104,935,1872,320,1936,1120,2258,1130,2468,48,2063,1216,2377,903,1618,73,2260,331,1777,320,1681,248,2363,287,2260,331,2535,231,2103,320,2176,232,2506,241,2481,1177,2519,355,2261,903,1673,831,1757,1151,2339,1004,2192,248,2117,820,2258,821,2305,891,2152,1054,2435,1081,2436,897,2438,899,2440,1206,2038,1204,1902,241,2050,233,1961,232,2085,231,2069,230,2161,1
2506,1185,2519,660,2530,593,2456,20,1610,84,1673,341,2395,394,1353,321,2405,121,1872,1252,1429,1237,2107,610,2501,754,2316,1250,1636,589,1942,1248,1681,241,2432,1257,2554,610,2063,754,2007,531,1889,248,2259,256,1958,663,1702,248,1659,256,2270,1
2433,394,2480,1185,2456,20,1610,1189,2017,131,2425,1252,1266,341,1874,1165,2435,610,2453,736,1319,719,1402,516,2472,904,1498,357,1673,459,2532,368,1771,1054,2258,1250,2534,101,2260,176,1559,1082,1500,875,2176,927,1490,904,1482,1065,1319,912,1472,993,2178,817,1464,861,1287,323,1458,1015,1
2480,341,2455,1185,1894,1165,1301,1208,1321,1231,2432,417,2456,1104,2476,1177,1301,67,2433,1250,1610,1248,1673,1228,1796,1219,1439,963,1896,321,1894,1143,2176,575,2530,1081,2554,1120,1636,1152,2491,1130,2478,739,2506,1078,2279,106,1898,1103,1981,240,1319,432,1366,239,2233,1090,1490,321,2520,282,1824,229,1831,374,1489,972,1490,975,1336,1066,2364,1138,1827,439,2183,275,3
2480,394,1610,341,1673,1163,2491,468,1290,453,2467,54,1701,368,2410,455,2426,552,1812,1250,1879,1143,2057,225,1659,217,1337,160,2039,225,1389,1013,2252,233,1945,1
2480,1185,2532,1165,2534,766,1673,646,1712,736,1319,777,1610,78,2412,341,2414,355,2416,452,1996,128,2431,852,1281,232,1266,1027,2152,78,1812,394,1637,468,2133,63,2136,642,2261,622,2203,1106,1268,1120,1384,1109,1408,277,2231,716,2556,69,2382,189,2370,645,1515,636,1
2480,1186,1673,1163,1656,1208,1917,589,1960,1231,1917,69,1836,737,1821,54,1836,736,1481,1122,1280,1143,1268,759,2203,55,1855,642,2504,674,2456,547,1896,1185,1610,529,2506,92,1482,39,2519,1213,2554,544,2566,372,1917,722,1490,567,1499,1184,1894,586,1498,628,1506,659,2231,639,1514,658,1506,639,1514,1250,1917,654,1
2480,1185,1673,341,1280,1106,1396,1173,2456,1189,2017,721,1757,35,1321,372,1812,516,1610,903,1580,144,1403,411,1614,1122,1632,1052,2253,1037,2219,397,2127,1252,2504,78,2311,94,2226,142,2374,256,2126,825,2450,1004,2370,993,2197,790,1499,792,1491,1076,2332,1087,2383,257,2275,1250,2191,1
2480,1163,2491,723,1917,609,1319,394,1836,341,2038,1214,2
2480,1185,1280,610,1290,427,1610,1143,1673,1165,1812,1120,1277,1104,2395,1103,1265,1228,2530,1226,1712,591,1678,593,1807,191,2455,93,1439,766,2556,646,2412,359,1651,394,2
2480,1186,1710,1163,2491,394,2478,160,1917,52,1701,516,2556,91,1874,1231,2504,78,1654,2
2530,1185,1348,394,2479,1165,2506,1194,2544,1163,2480,1175,2
2480,1185,2456,1208,1673,1163,2491,1184,1281,1143,2471,1133,1397,457,1685,466,1812,1228,1769,78,1600,549,2554,517,1321,1250,2410,1226,1403,1037,1894,1052,1769,1248,2566,156,2034,1247,1911,593,1905,591,1826,551,3
2480,1185,2433,659,1673,736,1319,2
2480,1163,2455,394,2481,408,1710,479,2456,374,1610,1186,1280,19,1812,1106,1397,457,1353,1208,1363,516,1959,466,2122,1185,1758,723,2085,302,2432,2