173,212,414,183,168,203,487,111,453,429,452,106,419,147,490,381,285,442,437,253,11,95,441,157,208,360,241,346,299,493,184,118,282,79,152,354,320,356,45,213,431,467,382,155,341
173,212,414,183,168,203,487,111,453,429,452,106,419,147,381,490,285,442,437,253,11,95,441,157,208,360,346,150,234,391,184,154,143,152,49,505,154,98,329,461,493,116,354,356,45,213,431,382,467,155,341
173,212,414,183,168,346,395,378,365,452,106,22,381,490,429,230,232,86,291,11,380,438,161,273,90,32,444,19,406,255,23,272,396,305,298,459,440,399,68,56,461,225,257,346,321,213,404,75,458,112,493,57,45,318,152,155,268,135,382,341
212,173,471,6,183,424,152,395,378,365,452,106,22,381,490,429,230,232,86,291,11,380,438,273,161,90,19,32,444,196,362,70,213,334
173,212,414,183,168,203,487,453,452,38,502,106,429,111,381,490,230,232,86,291,11,380,438,273,90,444,32,19,406,196,454,413,245,101,98,198,152,492,213,210,175,493,329,35,45,152,155,109,135,382,341
173,212,414,183,168,203,487,111,453,429,452,38,502,106,381,490,230,232,86,11,291,380,438,273,377,90,90,444,19,454,196,413,245,329,101,98,198,493,210,213,35,45,152,155,400,135,382,341
212,173,471,183,168,203,487,111,453,429,452,38,502,106,381,490,230,232,86,291,11,380,438,273,377,90,90,444,19,454,196,217,413,245,198,493,461,99,98,354,210,213,35,45,152,155,382,136,135,341
173,212,414,183,168,203,487,111,453,429,452,106,22,381,490,429,442,437,253,11,441,208,417,360,72,171,128,184,116,346,321,122,36,57,318,346,228,152,141,116,146,477,47,116,488,44,482,204,479,34,215,93,256,498,213,61,184,104,72,249,461,225,493,45,116,152,80,75,382,344,155,341
173,212,414,183,168,203,487,111,453,429,106,22,381,490,230,232,86,11,291,380,438,273,161,90,90,84,444,19,406,196,454,23,217,413,198,347,481,409,178,329,476,493,338,152,213,185,35,45,467,382,155,341
173,212,414,183,168,203,487,111,453,429,452,106,419,147,381,490,285,442,437,253,242,11,15,327,110,249,184,116,154,225,152,158,175,493,329,338,213,35,45,152,155,109,382,135,341
173,212,414,183,168,203,487,111,453,429,106,22,490,381,442,437,253,11,441,208,417,360,488,44,482,204,479,34,93,215,104,346,150,148,96,234,184,81,391,154,79,493,45,213,382,156,155,341
173,212,471,152,21,183,346,361,378,365,452,106,43,248,429,381,429,490,442,437,253,242,15,11,9,327,110,184,249,346,321,420,36,57,318,346,228,213,67,125,139,193,495,134,509,371,274,251,229,416,271,176,154,56,79,329,346,340,112,458,57,45,493,318,152,155,268,75,135,382,341
173,212,414,183,168,203,487,111,453,429,452,106,381,22,490,230,232,86,11,291,380,438,161,273,377,90,444,19,196,362,451,214,245,198,481,1,346,464,420,36,57,318,346,228,67,125,139,193,495,134,509,371,274,251,5,364,397,229,303,271,346,410,305,440,459,68,225,257,451,329,493,45,213,152,252,75,344,382,155,341
173,212,414,183,168,203,487,111,453,429,452,106,22,381,490,230,232,86,11,291,380,438,273,161,377,90,444,19,196,332,214,198,347,245,481,1,346,140,36,420,57,318,346,228,67,125,139,193,495,134,509,371,274,251,5,364,397,303,229,271,346,410,305,459,440,68,225,257,461,493,152,213,45,252,75,344,382,155,341
173,212,174,152,129,183,168,168,203,487,111,453,429,452,106,237,22,381,490,230,291,11,380,438,161,273,377,90,444,19,406,346,169,172,184,346,340,235,57,318,346,228,364,397,303,229,271,346,231,413,245,198,347,481,461,1,178,493,45,213,344,75,382,155,341
173,212,414,474,183,168,203,487,111,453,429,452,106,22,381,490,230,232,86,291,11,380,438,273,161,90,90,444,19,454,196,362,305,440,493,461,225,194,45,213,152,52,156,382,155,341
173,212,471,183,168,203,487,111,453,429,452,106,22,381,490,230,232,86,291,11,380,438,273,161,90,19,444,454,196,23,305,493,440,194,225,461,45,213,152,52,382,156,155,341
173,212,414,183,168,203,487,111,453,429,429,452,106,22,381,490,442,437,253,11,441,208,417,360,313,72,91,128,184,346,321,36,420,57,318,346,228,30,67,125,139,193,495,134,509,371,274,251,5,364,397,229,416,472,229,271,346,54,354,234,391,184,30,329,443,493,463,152,339,213,45,344,382,75,155,341
212,173,471,346,21,183,346,361,378,365,452,106,22,381,490,429,230,232,86,291,11,380,438,161,273,377,90,444,19,406,255,332,50,245,198,347,346,140,36,420,57,318,346,228,67,125,139,193,495,134,509,371,274,251,5,364,397,472,229,229,303,271,346,503,152,231,413,245,329,338,98,101,198,197,493,50,198,213,35,45,75,152,80,357
173,212,262,183,168,203,487,111,453,429,452,106,22,381,490,230,232,86,291,11,380,438,273,161,377,90,444,19,196,214,245,347,198,481,1,346,140,420,36,57,318,346,228,67,125,139,193,495,134,509,371,274,251,5,364,397,229,303,271,346,410,305,194,225,461,493,440,152,45,213,158,152,52,382,292,155,341
173,212,414,183,168,203,487,111,453,429,452,106,22,490,381,230,232,86,11,291,380,438,273,161,90,444,19,196,23,146,345,398,305,440,298,459,399,68,225,440,257,329,476,152,252,213,493,338,35,45,382,344,155,341
173,212,414,183,168,203,487,111,453,429,452,106,22,381,490,230,232,86,11,291,380,438,161,273,32,444,90,19,406,255,23,146,345,398,305,440,213,225,440,298,489,329,399,476,35,338,493,45,467,382,155,341
173,212,414,152,124,152,183,468,168,203,487,111,453,429,452,106,22,381,490,230,232,86,11,291,380,438,161,273,90,444,19,196,23,146,345,398,305,440,298,459,399,68,225,257,329,476,213,45,338,35,493,382,467,155,341
173,212,414,152,124,152,468,183,168,203,487,111,453,429,452,106,22,381,490,230,232,86,11,291,380,438,273,161,90,444,19,196,362,279,146,345,398,305,489,440,329,225,298,399,152,476,252,213,35,338,493,45,382,344,155,341
212,173,330,183,152,152,243,446,168,203,487,111,453,429,452,106,22,490,381,230,232,86,11,291,380,438,161,273,90,444,19,196,413,245,99,98,45,461,493,198,382,344,155,341
212,173,414,152,124,152,468,183,168,203,487,111,453,429,452,106,43,248,381,490,230,232,86,291,11,380,438,161,273,90,444,32,19,406,255,332,305,461,194,440,225,493,45,152,158,467,382,155,341
173,212,262,31,183,168,203,487,111,453,429,452,106,22,381,490,230,232,86,11,291,380,438,273,161,90,90,444,32,19,406,196,454,332,305,459,440,97,362,50,245,347,198,481,178,1,461,493,45,213,152,185,382,467,155,341
212,173,383,183,168,203,487,111,453,429,452,106,419,147,248,490,381,230,232,475,86,291,11,380,438,273,90,444,32,19,406,255,332,413,245,98,99,198,493,461,435,407,277,277,277,149,277,149,484,344,155,300
173,212,414,6,183,424,152,395,378,365,452,106,237,22,381,429,490,230,11,291,380,438,161,273,377,90,444,19,406,201,332,348,440,160,440,399,346,33,364,397,229,303,448,346,231,255,332,413,245,198,347,481,409,461,178,493,45,213,152,259,156,382,155,341
212,173,383,183,168,203,487,111,453,429,452,106,22,381,490,230,232,86,291,11,380,438,161,273,90,444,19,131,184,413,245,198,101,98,461,84,493,50,245,198,481,1,45,213,152,470,343,382,155,341
212,173,262,183,346,395,378,365,452,106,22,490,381,230,232,86,291,11,380,438,161,273,377,90,444,311,406,488,44,482,121,479,34,93,215,256,128,313,184,348,440,194,346,321,36,420,57,318,346,228,67,125,139,193,495,134,509,371,274,251,5,364,397,229,303,271,346,231,305,225,194,461,440,493,310,152,52,213,210,45,152,155,135,433,382,341
212,173,262,183,168,203,487,111,453,429,452,39,106,490,442,437,253,15,213,11,9,327,110,249,493,184,225,461,45,116,152,155,109,382,135,341
212,173,383,183,168,203,487,111,453,429,452,106,43,248,381,490,230,232,86,11,291,380,438,161,273,90,444,19,406,255,332,413,245,493,98,461,99,198,45,213,152,80,344,382,155,341
212,173,383,183,168,203,487,111,453,429,452,106,22,381,490,442,437,253,294,386,441,11,417,208,360,146,345,398,249,473,184,116,213,222,45,489,225,376,461,440,493,399,152,52,382,366,155,341
173,212,414,183,168,203,487,111,453,429,452,106,237,248,381,490,230,232,86,291,11,380,438,273,161,377,90,444,19,406,348,440,160,440,346,169,364,397,229,303,472,271,346,231,255,332,305,440,493,194,225,461,152,252,45,213,152,155,400,135,382,341
173,212,471,183,168,203,487,111,453,429,452,106,237,248,381,490,230,232,86,11,291,380,438,273,161,377,90,444,19,406,201,332,348,440,440,160,399,346,33,364,397,472,229,303,229,271,223,176,184,79,493,152,2,45,213,152,155,433,382,135,341
173,212,414,183,168,203,487,111,453,429,452,106,43,248,381,490,442,437,253,11,441,208,417,360,311,406,255,332,413,245,37,178,461,198,346,412,213,322,455,40,493,182,45,55,155,133,382,135,341
173,212,414,474,152,468,183,168,203,487,111,453,429,452,106,43,248,381,490,442,437,253,11,15,327,9,110,255,332,413,245,278,198,98,101,461,213,346,412,322,455,75,382,329,40,493,341
173,212,414,152,124,152,369,152,468,183,168,203,487,111,453,429,452,106,22,381,490,230,291,11,380,438,161,273,90,444,19,196,413,245,198,347,481,1,178,461,493,45,213,152,470,382,343,155,341
212,173,330,183,152,283,168,203,487,111,453,429,452,106,22,381,490,230,232,86,291,213,11,380,438,161,273,90,444,19,406,196,332,413,245,101,45,493,461,198,98,152,470,382,343,155,341
173,212,471,183,168,203,487,111,453,429,452,106,237,248,381,490,230,232,86,11,291,380,438,161,273,377,90,444,19,293,362,348,440,160,399,346,33,364,397,229,303,271,54,152,54,391,184,234,493,79,354,45,213,75,152,155,433,135,382,341
212,173,330,6,152,260,378,365,452,106,22,490,381,183,429,424,230,232,86,11,291,380,438,161,273,90,90,311,219,334
173,212,414,183,168,203,487,111,453,429,452,106,43,248,381,490,230,232,358,86,291,11,380,438,273,161,90,32,444,19,406,196,413,245,198,101,98,461,493,152,158,45,213,382,467,155,341
173,212,414,183,168,203,487,111,453,429,452,106,43,248,490,381,230,232,86,291,11,380,438,161,273,90,90,444,19,196,454,23,217,305,440,97,362,213,143,75,354,213,146,427,398,348,461,298,225,440,489,399,84,493,45,152,52,156,382,155,341
173,212,471,152,124,183,168,203,487,111,453,429,452,106,43,248,381,490,442,437,253,441,11,208,417,360,241,249,184,225,116,338,329,493,213,35,45,152,155,109,382,135,341
173,212,414,474,183,168,203,487,111,453,429,452,106,43,248,381,490,230,358,232,86,11,291,380,438,273,161,90,444,90,19,293,23,184,313,305,440,97,362,50,245,198,143,481,461,493,178,1,45,213,344,382,155,341
173,212,414,183,168,203,487,111,453,429,429,452,106,43,248,381,490,442,437,253,242,15,11,327,9,110,249,184,346,321,420,36,318,57,346,228,67,125,139,193,495,134,509,371,274,251,416,229,271,154,143,152,51,73,154,176,142,329,213,56,375,346,504,112,458,57,45,493,318,29,382,155,341
173,212,414,183,168,203,487,111,453,429,429,452,106,22,381,490,230,232,86,291,11,380,438,273,161,377,90,444,311,406,72,313,184,128,171,348,194,440,346,321,36,420,57,318,346,228,67,125,139,193,495,134,509,371,274,251,5,364,397,416,229,416,271,346,54,148,96,234,436,184,391,81,418,493,329,45,213,75,382,292,155,341
173,212,262,346,499,183,346,361,378,365,452,106,237,381,490,429,22,230,11,291,380,438,273,161,377,90,444,19,406,201,332,348,440,160,440,399,346,33,364,397,303,229,271,346,231,255,332,305,440,459,68,225,257,461,88,493,45,213,382,467,155,341
173,212,414,183,168,203,487,111,453,429,117,152,181,8,494,151,168,203,487,111,453,429,106,237,248,381,490,230,232,86,291,11,380,438,273,161,377,90,90,444,19,406,293,332,348,440,399,346,33,246,364,397,303,229,271,326,223,184,282,79,493,152,2,45,213,292,382,155,341
173,212,471,183,168,203,487,111,453,452,38,502,106,429,381,490,230,232,86,11,291,380,438,161,273,90,444,32,19,224,23,196,362,305,376,459,440,399,225,154,85,493,461,152,52,45,213,366,382,155,341
212,173,174,152,183,447,346,152,94,361,378,365,452,106,22,381,429,59,490,442,437,253,294,386,242,15,11,327,252,417,208,360,445,421,445,421,488,44,482,121,479,34,93,215,256,128,313,184,346,158,346,321,420,36,57,318,346,228,67,125,139,193,495,134,509,371,274,251,364,397,416,229,346,54,130,118,436,184,92,152,221,73,391,154,79,443,152,177,148,96,374,79,391,296,329,443,222,375,493,354,213,75,306,45,368,45,152,244,467,382,155,341
173,212,262,152,124,183,168,203,487,111,453,429,106,381,22,490,230,11,291,380,438,273,161,377,90,444,19,196,413,245,198,347,481,1,346,140,420,36,57,318,346,228,67,125,139,193,495,134,509,371,274,251,5,346,331,481,178,1,56,461,346,140,297,213,75,112,458,57,493,45,318,152,155,268,135,382,341
173,212,414,152,124,152,183,468,168,203,487,111,453,429,452,106,22,490,381,230,232,86,11,119,380,438,273,161,335,90,19,196,362,254,413,245,347,198,481,178,1,461,493,45,213,382,344,275,382,344,155,341
212,173,262,183,346,424,395,378,365,452,106,43,248,429,381,490,442,437,253,11,441,417,208,360,346,299,184,118,346,457,459,440,376,399,154,85,225,213,461,45,493,382,87,155,341
212,173,262,183,168,203,487,111,453,429,452,106,237,22,490,381,230,291,11,380,438,161,273,377,90,444,19,406,41,184,50,245,154,98,198,101,461,213,152,185,493,88,45,152,252,75,152,114,382,292,155,341
173,212,262,183,168,203,487,111,453,429,452,106,43,248,381,490,230,232,86,11,291,380,438,273,161,377,90,444,19,406,196,23,413,245,198,347,146,211,398,50,245,347,198,508,409,346,140,36,420,57,318,346,228,67,125,139,193,495,134,509,371,274,251,229,416,303,271,152,51,73,176,154,79,493,45,213,152,155,433,135,382,341
173,212,414,183,168,203,487,111,453,429,452,106,22,490,381,442,437,253,441,11,208,417,360,249,461,184,493,225,116,45,213,382,467,155,341
173,212,414,183,168,203,487,111,453,429,452,106,22,381,490,442,437,253,441,11,417,208,225,461,45,493,329,382,467,155,341
173,212,414,183,168,203,487,111,453,429,452,106,22,490,381,230,232,86,11,291,380,438,161,273,90,90,444,19,454,196,362,217,413,245,347,198,481,178,1,461,213,435,407,277,277,149,207,484,155,300
212,173,262,346,183,499,346,361,378,365,452,106,22,490,381,230,232,86,291,11,380,75,438,161,273,90,444,19,293,23,313,184,413,245,461,98,99,198,493,45,213,75,382,344,155,341
173,212,471,152,124,183,168,203,487,111,453,429,452,106,237,381,490,22,230,11,291,380,438,161,273,377,90,444,19,406,184,41,348,440,194,493,225,461,152,496,45,213,292,382,155,341
173,212,262,152,124,152,183,468,168,203,487,111,453,429,452,106,237,490,22,381,230,291,11,380,438,161,273,377,90,444,19,406,41,184,348,493,440,225,194,461,152,496,45,213,292,382,155,341
173,212,262,183,168,203,487,111,453,429,429,452,106,22,490,381,442,437,253,242,15,11,327,9,110,488,44,482,121,479,34,215,93,313,128,256,171,184,116,346,158,152,321,36,420,57,318,346,228,67,125,139,193,495,134,509,371,274,251,229,416,271,346,51,507,82,338,329,56,346,504,354,213,35,107,112,458,57,318,112,458,57,493,318,45,152,155,268,382,135,341
173,212,414,183,168,203,487,111,453,429,452,106,22,490,381,230,232,86,11,291,380,438,273,161,90,90,444,32,19,454,196,362,413,99,493,98,461,198,245,152,45,213,185,75,467,382,155,341
173,212,414,183,168,203,487,111,453,429,452,106,22,381,490,230,232,86,11,291,380,438,273,161,90,444,19,406,255,332,413,245,198,347,481,178,1,493,461,213,45,344,382,155,341
173,212,262,183,168,203,487,111,453,429,452,106,22,381,490,230,232,86,291,11,380,438,273,161,90,444,19,196,413,245,461,98,99,493,198,152,80,213,45,344,382,155,341
212,173,262,183,168,203,487,111,453,429,452,106,22,381,490,230,232,86,291,11,380,438,273,161,377,90,19,444,406,196,413,245,198,481,1,346,10,55,27,430,314,27,67,125,139,193,495,134,509,371,274,251,213,229,303,176,271,329,493,79,45,152,2,292,382,155,341
212,173,262,183,168,203,487,111,453,429,452,106,22,490,381,230,232,86,291,11,380,438,161,273,377,90,444,19,196,413,245,198,481,1,346,10,55,27,430,314,27,67,125,139,193,495,134,509,371,274,251,229,303,271,176,493,79,329,152,45,213,2,292,382,155,341
173,212,262,183,168,203,487,111,453,429,452,106,237,22,381,490,230,11,291,380,438,161,273,377,90,444,19,406,213,41,184,348,45,493,225,194,440,461,152,252,344,382,155,341
173,212,414,474,183,168,203,487,111,111,453,429,452,106,419,147,381,490,285,442,437,253,242,15,11,327,9,110,346,17,461,178,497,184,322,182,493,213,45,55,155,133,135,382,341
173,212,414,183,168,203,487,111,453,429,452,106,419,147,490,381,285,442,437,253,242,15,11,9,327,315,110,225,184,249,461,116,213,346,346,80,412,322,493,45,182,55,155,133,382,135,341
173,212,414,474,152,468,183,168,203,487,111,453,429,452,106,419,147,381,490,285,230,232,86,291,11,380,438,161,273,90,444,311,406,461,249,225,184,116,346,412,322,182,493,45,213,55,155,133,135,382,341
173,212,414,183,424,152,395,378,365,452,106,419,147,381,429,490,285,442,437,253,15,11,327,9,110,461,249,184,225,116,213,222,346,412,322,45,493,182,55,155,133,382,135,341
173,212,414,183,168,203,487,111,453,429,452,106,419,147,490,381,285,442,437,253,11,441,208,417,360,461,249,225,184,116,346,412,213,322,182,45,493,55,155,133,135,382,341
173,212,414,183,168,203,487,111,453,429,429,452,106,22,381,490,442,437,253,11,291,380,438,161,273,377,90,444,311,406,313,171,72,184,128,346,321,420,36,57,318,346,228,30,67,125,139,193,495,134,509,371,274,251,5,364,397,472,229,416,229,271,346,54,234,391,184,30,493,329,152,339,152,189,213,45,390,382,75,155,341
173,212,471,183,168,203,487,111,453,429,452,106,22,490,381,230,291,11,380,438,161,273,377,90,444,19,196,413,245,198,481,1,346,10,55,430,27,314,27,67,125,139,193,495,134,509,371,274,251,346,503,152,410,399,68,225,257,461,493,152,45,213,297,252,152,114,382,292,155,341
212,173,115,152,352,183,168,203,487,111,453,429,429,452,106,43,248,381,490,442,437,253,242,15,11,327,9,110,346,150,234,184,346,180,36,420,318,57,346,213,228,67,125,139,193,495,134,509,371,274,251,229,416,271,176,154,329,79,493,45,152,2,292,382,155,341
212,173,414,346,183,21,346,361,378,365,106,22,381,490,429,230,11,291,380,438,273,161,377,90,444,19,196,413,245,347,198,481,1,346,140,420,36,57,318,346,228,67,125,139,193,495,134,509,371,274,251,229,303,271,428,143,346,231,481,1,178,461,493,152,259,45,297,213,75,382,156,155,341
173,212,414,183,168,203,487,111,453,429,452,106,22,490,381,230,232,86,11,291,380,438,161,273,90,444,19,406,255,332,413,245,98,493,461,198,101,152,158,45,213,382,87,155,341
173,212,383,152,247,183,168,203,487,111,453,429,106,22,490,381,230,232,86,11,291,380,438,273,161,90,444,19,196,23,89,284,413,245,198,213,348,225,376,440,489,329,399,476,97,362,50,245,198,338,35,45,493,382,344,155,341
173,212,414,183,168,203,487,111,453,429,106,419,147,248,381,452,490,230,232,475,86,119,11,380,438,273,335,351,90,19,196,307,245,481,1,220,469,293,362,32,293,362,254,50,245,198,347,481,1,48,307,245,347,198,481,1,307,245,347,198,508,1,413,245,493,98,99,198,461,213,210,35,45,152,155,136,382,135,341
173,212,414,183,168,203,487,111,453,429,452,106,419,147,248,490,381,230,232,86,291,11,380,438,273,90,444,19,32,196,413,245,198,462,50,245,198,99,98,493,461,354,213,210,35,45,152,155,382,135,136,341
173,212,414,183,168,203,487,111,453,429,452,106,419,147,248,381,490,230,232,86,291,11,333,380,438,273,90,444,32,90,19,196,406,413,245,481,1,25,469,293,362,188,469,293,50,245,347,198,481,461,1,178,493,210,213,35,45,152,155,382,135,136,341
173,212,414,183,168,203,487,111,453,429,452,28,147,248,419,381,106,490,442,232,86
173,212,383,183,168,203,487,111,453,429,452,106,419,147,248,381,490,230,232,358,86,11,291,380,438,273,90,444,32,19,196,413,245,198,462,50,245,98,198,493,461,99,210,213,35,45,152,155,136,135,382,341
173,212,414,183,168,203,487,111,453,429,452,106,419,147,248,381,490,230,232,358,86,11,291,380,438,273,90,444,32,90,19,196,413,245,481,1,25,50,245,98,99,493,461,198,213,210,35,45,152,155,400,135,382,341
173,212,414,183,168,203,487,111,453,429,452,106,419,147,248,381,490,230,232,86,11,216,119,380,438,273,90,19,444,32,196,332,413,245,493,98,198,461,101,210,213,35,45,152,155,382,400,135,341
173,212,414,183,168,203,487,111,453,429,452,106,419,147,248,490,381,230,232,86,11,291,380,438,273,90,32,444,19,406,255,332,413,245,99,493,198,461,98,354,210,213,35,45,152,155,400,382,135,341
173,212,414,183,168,203,487,111,453,429,452,106,419,147,248,490,381,230,232,358,86,11,291,380,438,273,90,32,19,444,406,255,332,413,245,461,493,198,99,98,213,210,35,45,152,155,400,382,135,341
173,212,414,183,168,203,487,111,453,429,452,106,419,147,248,381,490,230,232,475,86,291,11,380,438,273,90,444,32,19,196,413,245,469,293,362,188,469,293,50,245,347,198,481,178,461,493,1,210,213,35,45,152,155,136,382,135,341
173,212,414,183,168,203,487,111,453,429,452,106,419,147,248,381,490,230,232,358,86,11,291,380,438,273,90,444,32,19,196,413,245,198,456,178,461,493,210,213,35,45,152,155,135,382,136,341
173,212,414,183,168,203,487,111,453,429,452,106,419,147,248,381,490,230,232,86,291,11,380,438,273,90,32,444,19,196,413,245,198,493,99,98,461,25,213,210,329,493,35,45,152,155,382,136,135,341
173,212,414,183,168,203,487,111,453,429,452,106,419,147,248,381,490,230,232,86,11,291,380,438,273,90,32,444,19,406,255,332,413,245,461,493,101,198,98,213,210,35,45,152,155,136,135,382,341
212,173,414,183,168,203,487,111,453,429,452,106,419,147,248,381,490,230,232,475,86,291,11,380,438,273,90,444,32,19,406,255,362,305,489,461,225,493,440,152,252,210,213,35,45,152,155,400,382,135,341
212,173,414,183,168,203,487,111,453,429,452,106,22,381,490,230,232,86,11,291,380,438,161,273,90,444,19,406,255,332,146,345,398,411,218,413,245,338,329,98,99,493,198,48,152,185,213,35,45,382,467,155,341
173,212,174,152,183,129,168,203,487,111,453,452,106,43,248,490,429,381,230,232,86,11,291,380,273,438,161,273,161,377,90,444,19,196,332,413,198,347,245,346,140,36,420,57,318,346,228,67,125,139,193,495,134,509,371,274,251,416,229,271,152,51,73,154,176,142,493,329,45,213,382,292,155,341
173,212,471,183,168,203,487,111,453,429,452,106,237,248,381,490,230,232,358,86,291,11,380,438,161,273,377,90,444,19,293,362,50,245,198,481,1,346,140,235,57,318,346,228,364,397,303,229,271,223,184,448,176,229,79,329,493,152,2,45,213,382,292,155,341
173,212,414,183,168,203,487,111,453,429,106,22,381,490,230,291,11,380,438,161,273,377,90,90,444,19,454,196,217,214,245,198,481,1,346,10,55,27,27,314,430,67,125,139,193,495,134,509,371,274,251,303,229,271,428,346,410,305,459,440,68,257,225,154,85,213,297,461,56,346,321,458,112,57,493,318,45,152,155,268,382,135,341
173,212,262,183,168,203,487,111,453,429,106,381,490,22,230,232,86,11,291,380,438,273,161,377,90,444,19,406,196,413,245,198,481,1,346,10,55,27,314,430,27,67,125,139,193,495,134,509,371,274,251,229,303,271,428,176,154,329,56,79,346,297,213,340,112,458,493,45,57,318,152,155,268,135,382,341
212,173,330,250,424,152,370,378,365,452,22,350,381,117,490,346,439,96,226,227,405,11,342,317,202,148,96,234,367,184,263,190,213,367,92,154,282,493,79,45,382,292,155,341
212,173,471,183,168,203,487,111,453,429,452,38,502,106,381,490,232,358,230,86,291,11,380,438,273,161,90,444,19,196,332,413,245,338,493,99,98,329,198,152,80,354,356,213,35,45,152,155,400,135,382,341
212,173,471,183,168,203,487,111,453,429,452,38,502,106,490,381,230,232,86,291,11,380,438,273,161,90,444,19,406,454,196,23,413,245,99,98,329,338,198,493,213,35,45,152,155,400,382,135,341
173,212,414,183,168,203,487,111,453,429,452,106,237,248,490,381,230,232,86,11,291,380,438,273,161,377,90,444,19,293,332,348,440,346,321,235,57,318,346,228,364,397,229,472,303,271,54,391,223,184,338,493,329,152,2,354,346,422,36,420,57,318,346,228,67,125,139,236,495,134,509,371,274,251,5,364,13,229,303,271,392,451,346,503,82,223,329,338,493,338,329,152,2,213,35,45,152,155,433,382,135,341
173,212,330,250,424,152,370,378,365,452,147,350,381,490,22,285,442,437,253,294,386,11,441,417,208,360,241,179,241,179,146,345,398,249,184,104,116,154,225,163,329,338,152,158,493,222,354,213,146,427,398,104,116,225,154,329,338,493,35,45,152,155,109,382,135,341
173,212,414,183,168,203,487,111,453,429,452,106,22,490,381,230,232,86,291,213,11,380,438,161,273,90,444,19,196,413,245,198,329,98,7,338,493,35,45,382,344,155,341
212,173,383,183,346,424,395,378,365,452,106,419,147,429,381,490,285,230,232,86,291,11,380,438,273,161,90,444,311,406,70,84,485,184,178,264,329,476,338,493,213,35,45,382,344,155,341
173,212,383,183,168,203,487,111,453,429,452,106,43,248,381,490,442,437,253,242,15,11,327,9,110,346,158,152,316,118,79,184,493,282,45,213,75,366,382,155,341
173,212,414,183,168,203,487,111,453,429,452,106,43,248,381,490,442,437,253,11,380,161,273,438,273,161,90,444,311,32,406,346,316,79,118,282,184,493,45,213,75,152,324,382,343,155,341
173,212,471,183,168,203,487,111,453,429,452,106,43,248,381,490,230,232,86,11,119,380,438,161,273,90,444,19,406,255,362,70,413,245,347,198,213,481,1,143,354,213,146,427,398,348,440,440,298,225,399,461,493,45,75,467,382,155,341
173,212,471,183,168,203,487,111,453,429,452,106,22,490,381,230,291,11,380,438,161,273,90,90,444,19,406,454,196,362,305,459,440,68,461,225,493,257,45,213,467,382,155,341
173,212,471,183,168,203,487,111,453,429,452,106,22,381,490,230,232,86,291,11,380,438,161,273,90,444,19,406,255,332,413,245,461,493,101,198,98,213,45,152,470,152,155,500,382,135,341
212,173,471,183,424,152,395,378,378,365,452,106,22,381,490,429,442,437,253,294,386,11,441,417,208,360,249,184,146,345,398,225,461,104,354,146,427,398,104,116,222,225,329,461,493,162,265,407,435,277,149,152,52,366,484,155,300
173,212,262,183,168,203,487,111,453,429,452,106,22,381,490,230,232,86,11,291,380,438,273,90,32,444,19,406,255,362,305,493,440,461,225,194,354,45,213,404,382,467,155,341
173,212,262,183,168,203,487,111,453,429,452,106,22,490,381,230,232,86,291,11,380,438,273,90,32,444,19,406,255,362,305,225,440,493,461,194,354,45,404,213,382,467,155,341
173,212,414,183,168,203,487,111,453,429,452,106,419,147,248,381,490,230,232,86,11,291,380,438,273,90,32,444,19,196,332,305,459,440,68,257,493,461,225,45,213,404,382,467,155,341
173,212,414,183,168,203,487,111,453,429,452,106,419,147,248,381,490,230,232,475,86,291,11,380,438,273,444,84,32,90,90,19,406,454,196,23,196,23,305,440,225,461,194,493,195,284,440,225,493,329,354,213,404,306,45,467,382,155,341
212,173,471,183,168,203,487,111,453,429,452,106,419,147,381,490,285,230,232,86,11,291,380,438,273,90,32,444,19,406,255,362,25,469,201,362,188,469,293,413,245,89,50,245,198,101,461,98,493,152,80,152,185,404,213,45,382,467,155,341
173,212,414,183,168,203,487,111,453,429,452,106,22,381,490,230,358,232,86,291,11,380,438,273,161,90,90,19,444,293,362,146,345,398,336,41,184,152,158,440,376,459,399,213,68,257,225,493,45,461,152,52,382,156,155,341
173,212,414,183,168,203,487,111,453,429,452,106,43,248,381,490,230,232,86,11,291,380,438,161,273,90,444,19,196,332,413,245,198,143,213,354,213,146,427,398,50,245,198,48,143,132,408,276,230,50,245,338,456,178,493,329,198,48,35,45,152,158,152,158,382,467,155,275,152,155,109,135,382,341
212,173,262,183,168,203,487,111,453,429,452,106,43,248,381,490,230,232,86,11,291,380,273,161,438,161,273,377,90,444,19,406,255,332,413,245,198,143,132,276,408,230,348,298,440,459,399,85,154,143,154,154,178,355,493,329,45,213,152,302,343,382,155,341
173,212,262,474,183,168,203,487,111,453,429,106,22,490,381,230,232,86,11,291,380,438,161,273,90,90,444,19,454,196,217,305,440,459,298,399,68,257,461,493,225,45,213,382,467,155,341
173,212,414,183,168,203,487,111,453,429,452,106,22,490,381,230,232,86,11,291,380,438,273,161,90,205,205,444,19,196,454,362,217,70,413,245,198,347,213,481,178,461,493,1,45,152,155,400,135,382,341
173,212,471,183,168,203,487,111,453,429,452,106,22,381,490,230,232,86,291,11,380,438,161,273,90,444,19,196,332,305,459,440,68,461,257,225,493,45,213,152,155,109,135,382,341
173,212,414,474,183,168,203,487,111,453,429,452,106,22,381,490,230,11,291,380,438,273,161,90,19,444,32,406,196,332,305,440,459,68,225,257,493,461,45,213,152,302,382,269,155,341
173,212,414,183,168,203,487,111,453,429,452,106,22,381,490,230,11,291,380,438,161,273,90,444,32,19,406,196,332,305,440,459,68,225,257,461,493,45,213,152,302,382,269,155,341
173,212,262,183,168,203,487,111,453,429,452,106,22,490,381,230,232,86,11,291,380,438,161,273,90,444,19,196,305,440,194,225,493,461,152,158,45,213,152,302,269,382,155,341
173,212,414,183,168,203,487,111,453,429,452,106,43,248,381,490,230,232,86,11,291,380,438,273,161,90,444,19,406,196,413,245,461,198,98,99,493,213,45,382,66,155,341
173,212,471,183,346,395,378,365,452,106,22,381,429,490,442,437,253,11,291,380,438,273,161,377,90,444,311,406,346,150,148,96,227,304,436,184,346,180,420,36,57,318,346,228,30,67,125,139,193,495,134,509,371,274,251,5,364,397,229,472,416,229,271,346,54,148,96,266,234,184,346,290,213,364,144,416,229,448,176,152,503,30,329,443,493,463,45,152,20,156,382,155,341
173,212,471,183,168,203,487,111,453,429,106,22,381,490,230,232,86,291,11,380,438,273,161,90,32,444,90,19,196,332,413,245,461,98,493,99,198,152,45,213,185,382,467,155,341
173,212,414,183,168,203,487,111,453,106,22,490,429,381,230,232,86,11,291,380,438,161,273,90,444,19,196,454,23,413,245,198,99,98,75,329,493,45,213,152,185,467,382,155,341
173,212,414,183,168,203,487,111,453,429,452,106,43,248,381,490,230,232,86,291,11,380,438,273,161,90,444,19,406,255,332,413,245,101,198,461,98,493,45,213,152,470,152,155,500,135,382,341
173,212,414,183,168,203,487,111,453,429,452,106,43,248,381,490,442,437,253,11,380,438,273,161,90,444,311,32,406,213,255,332,413,245,98,461,99,493,198,45,152,80,152,155,400,135,382,341
173,212,414,183,168,203,487,111,453,429,452,106,22,490,381,230,11,291,380,438,273,161,90,444,19,196,332,413,245,347,198,481,1,178,461,493,45,213,152,155,400,135,382,341
173,212,414,6,152,21,183,424,378,365,452,106,22,429,490,381,230,232,86,11,291,213,380,438,161,273,90,444,32,19,196,305,493,440,194,45,225,461,152,155,109,382,135,341
173,212,414,183,168,203,487,111,453,429,452,106,22,490,381,230,291,11,380,438,273,161,90,444,19,196,332,305,440,459,68,257,225,461,493,45,213,152,302,152,155,500,382,135,341
173,212,414,183,168,203,487,111,453,429,106,22,381,490,230,232,86,11,213,291,380,438,161,273,90,444,19,196,413,245,461,98,198,493,45,101,152,470,75,382,343,155,341
173,212,414,183,168,203,487,111,453,429,452,106,22,381,490,230,232,86,11,291,380,438,273,161,90,90,19,444,454,196,23,213,305,440,97,362,50,198,143,481,440,493,1,45,461,178,152,470,75,382,343,155,341
212,173,471,183,168,203,487,111,453,429,106,22,490,381,230,232,86,11,291,380,438,161,273,90,444,19,196,332,305,194,493,225,461,440,45,213,152,302,75,382,343,155,341
173,212,471,183,168,203,487,111,453,429,452,106,22,490,381,230,232,86,11,291,213,380,438,273,161,90,19,444,196,413,245,45,461,493,198,101,98,152,80,344,382,155,341
212,173,262,183,168,203,487,111,453,429,452,106,22,490,381,230,232,86,291,11,380,438,161,273,90,444,19,454,196,23,217,413,245,99,198,493,461,98,45,213,344,382,155,341
173,212,414,183,168,203,487,111,453,429,452,106,22,490,381,230,232,86,11,291,380,438,273,161,205,444,19,454,196,23,217,413,245,493,198,461,101,98,45,213,344,382,155,341
173,212,414,183,168,203,487,111,453,429,452,106,22,381,490,230,232,358,86,11,291,380,438,273,161,90,444,19,196,413,245,198,99,461,493,98,45,213,382,344,155,341
173,212,414,183,168,203,487,111,453,429,452,106,43,248,490,381,230,232,86,11,291,213,380,438,161,273,90,444,19,196,332,413,245,347,198,481,1,143,75,258,50,245,45,461,99,98,493,198,152,80,344,382,155,341
173,212,414,474,152,261,183,168,203,487,111,453,429,452,106,22,381,490,230,232,86,11,291,213,380,438,161,273,90,444,32,19,406,255,332,413,245,198,347,481,461,1,178,152,185,493,45,84,152,252,344,382,155,341
212,173,262,183,168,203,487,111,453,429,452,106,43,248,381,490,230,232,86,291,11,380,438,273,161,90,444,32,19,406,255,362,413,245,198,493,461,98,101,152,80,45,213,382,344,155,341
173,212,471,183,168,203,487,111,453,429,452,106,22,381,490,230,358,232,86,291,11,380,438,161,273,90,444,32,19,196,413,245,98,461,493,198,101,152,45,213,80,382,344,155,341
173,212,262,183,168,203,487,111,453,429,452,106,22,381,490,230,232,86,11,291,380,438,273,161,90,444,19,406,255,23,146,345,398,411,218,413,245,198,329,493,99,338,98,48,152,80,213,35,45,344,382,155,341
173,212,414,152,124,183,168,203,487,111,453,429,452,106,22,381,490,230,232,86,11,291,380,438,273,161,90,444,32,19,406,201,146,345,398,411,218,196,454,23,217,413,245,198,99,98,493,329,338,48,213,35,45,344,382,155,341
173,212,414,183,168,203,487,111,453,429,452,106,22,381,490,230,232,86,11,291,213,380,438,273,161,90,444,19,196,332,305,440,459,68,493,225,257,461,45,467,382,155,341
173,212,414,183,168,203,487,111,453,429,452,106,22,490,381,230,232,86,11,291,380,438,273,161,90,444,19,406,255,362,305,440,225,489,493,461,45,213,75,467,382,155,341
173,212,262,183,168,203,487,111,453,429,452,106,237,248,381,490,230,232,86,291,11,380,438,273,377,90,444,90,90,19,293,332,348,440,346,321,235,57,318,346,228,364,397,472,303,229,271,346,231,196,362,305,225,440,194,461,493,84,45,213,467,382,155,341
212,173,383,183,168,203,487,111,453,429,452,106,237,381,22,490,230,11,291,380,438,161,273,377,90,444,19,406,41,184,50,245,198,347,481,409,143,481,409,143,258,50,245,154,347,198,508,409,178,152,185,355,329,213,56,88,346,321,112,458,45,493,57,318,152,12,382,292,155,341
212,173,262,346,183,499,346,361,378,365,452,106,22,381,429,490,230,11,291,380,438,273,161,377,90,444,19,406,196,454,214,245,347,198,481,1,346,140,36,420,57,318,346,228,67,125,139,193,495,134,509,371,274,251,5,346,331,481,409,305,459,440,68,257,154,225,85,56,461,346,213,297,321,458,112,57,493,45,318,152,373,382,269,155,341
173,212,383,152,21,183,346,361,378,365,452,106,43,248,429,381,490,442,232,86,291,11,380,438,161,273,377,90,444,311,293,362,70,53,184,171,346,150,148,96,266,234,436,184,346,290,364,397,472,229,154,176,142,329,213,310,443,463,45,493,152,2,292,382,155,341
173,212,383,183,424,152,395,378,365,452,270,106,22,490,381,429,442,437,253,441,11,417,208,360,488,44,482,121,479,34,93,215,249,256,184,132,42,442,488,44,482,204,479,34,215,93,104,116,225,154,355,127,296,24,213,310,443,463,24,163,493,329,45,467,382,155,341
212,173,414,183,168,203,487,111,453,429,106,237,381,490,22,230,11,291,380,438,161,273,377,90,444,19,406,346,169,359,61,213,223,184,229,154,154,346,231,481,154,178,461,1,45,493,152,470,343,382,75,155,341
173,212,414,183,168,203,487,111,453,429,452,106,22,490,381,230,232,86,291,11,380,438,273,161,90,19,444,196,332,413,245,99,198,98,461,493,45,213,382,344,155,341
173,212,262,183,168,203,487,111,453,429,452,106,22,381,490,230,232,86,11,291,380,438,161,273,90,444,19,196,413,245,198,347,481,1,178,461,493,45,213,382,344,155,341
173,212,471,183,168,203,487,111,453,429,106,490,22,381,230,291,11,380,438,161,273,377,90,444,19,196,413,245,347,198,481,1,346,140,420,36,57,318,346,228,67,125,139,193,495,134,509,371,274,251,5,346,331,481,409,178,461,493,152,185,45,297,213,382,467,155,341
212,173,471,183,168,203,487,111,453,106,22,381,490,429,230,291,11,380,438,273,161,377,90,444,19,406,334,213
173,212,414,183,168,203,487,111,453,429,106,237,381,22,490,230,11,291,380,438,161,273,377,90,444,19,406,213,41,184,348,225,194,440,329,88,56,346,321,458,112,57,493,45,318,152,155,268,382,135,341
173,212,414,183,168,203,487,111,453,429,452,106,419,147,248,381,490,230,232,86,11,105,380,438,273,351,90,444,32,19,196,413,245,469,293,362,32,293,50,245,198,354,469,293,23,462,50,245,347,198,481,493,409,461,178,341,450,75,238,382,35
173,212,383,152,21,183,346,361,378,365,452,270,106,22,490,381,429,442,437,253,294,386,441,11,208,417,360,488,44,488,44,482,121,479,34,215,93,249,256,184,132,42,442,488,44,482,204,479,34,215,93,24,104,116,225,154,310,443,463,163,493,329,45,213,382,344,155,341
212,173,262,183,346,395,378,365,452,106,43,248,429,381,490,442,437,253,441,11,208,417,334
173,212,262,152,21,183,346,361,378,365,452,106,43,248,490,429,381,230,232,86,11,291,380,438,161,273,377,90,444,311,406,293,332,201,332,171,53,184,346,150,148,96,234,266,436,184,346,290,364,397,229,472,416,271,154,176,142,329,213,310,443,493,463,45,152,2,382,292,155,341
173,212,262,152,21,183,346,361,378,365,452,270,106,43,248,429,381,490,442,437,253,441,11,208,445,421,445,421,284,208,417,360,388,46,284,488,44,482,121,479,34,215,93,249,256,184,488,44,482,204,479,34,93,215,104,116,154,225,329,310,84,360,213,334
212,173,414,183,168,203,487,111,453,429,452,106,43,248,381,490,442,232,86,291,11,380,438,161,273,377,90,90,444,19,406,201,332,346,316,263,337,118,184,263,426,152,286,73,154,282,493,79,45,213,382,292,155,341
173,212,471,183,168,203,487,111,453,429,452,106,43,248,490,381,442,437,253,242,15,11,327,9,110,213,346,150,234,79,493,184,391,45,292,382,155,341
173,212,414,183,168,203,487,111,453,429,452,106,22,381,490,230,232,86,11,291,380,438,161,273,90,444,19,196,362,413,245,493,461,98,99,198,45,213,75,152,155,400,382,135,341
212,173,414,183,168,203,487,111,453,429,452,106,237,490,22,381,230,11,291,380,438,273,161,377,90,444,19,41,184,50,245,154,347,198,481,1,178,56,461,213,346,140,458,112,493,45,57,318,152,12,292,382,155,341
212,173,262,474,183,168,203,487,111,453,429,452,39,106,22,490,230,232,86,291,11,380,438,161,273,205,444,19,406,196,362,70,305,459,440,68,257,461,225,493,159,213,45,75,87,382,155,341
173,212,383,183,168,203,487,111,453,429,452,106,43,248,381,490,230,232,86,291,11,380,438,273,161,90,444,19,196,332,413,245,154,101,198,98,461,493,75,213,45,152,185,467,382,155,341
173,212,414,183,168,203,487,111,453,429,106,22,381,490,230,11,291,380,273,161,438,273,161,377,90,444,19,196,454,413,245,198,481,1,346,10,55,27,314,27,430,67,125,139,193,495,134,509,371,274,251,213,297,229,303,271,428,176,79,329,56,346,340,458,112,57,45,493,318,152,155,135,382,268,341
173,212,414,183,168,203,487,111,453,429,106,22,381,490,230,11,291,380,438,273,161,377,90,90,444,19,196,454,413,245,198,481,1,346,10,55,27,27,314,430,67,125,139,193,495,134,509,371,274,251,297,213,229,303,271,428,176,329,56,79,346,340,112,458,493,57,45,318,152,155,135,382,268,341
173,212,262,346,499,183,346,361,378,365,452,106,237,429,22,490,381,230,291,11,380,438,273,161,377,90,444,19,406,41,184,348,440,459,68,461,225,257,56,213,346,321,112,458,57,318,112,458,493,45,57,318,152,155,268,135,382,341
173,212,414,183,168,203,487,111,453,429,452,106,237,248,381,490,230,232,86,11,291,380,438,273,161,377,90,444,19,293,332,348,440,440,160,399,346,33,364,397,229,472,303,271,346,231,255,332,305,440,194,225,493,329,45,213,152,302,343,382,75,155,341
173,212,414,183,168,203,487,111,453,429,106,22,381,490,442,437,253,11,291,380,438,161,273,377,90,444,311,406,89,284,313,184,128,91,306,413,198,347,245,508,1,346,464,420,36,57,318,346,228,213,67,125,139,193,495,134,509,371,274,251,5,364,397,229,472,416,229,271,176,24,176,493,329,79,45,152,2,382,292,155,341
212,173,414,183,168,203,487,111,453,429,106,22,490,381,230,11,291,380,438,273,161,90,444,19,196,362,218,411,213,413,245,493,338,98,101,198,329,152,185,35,45,75,467,382,155,341
173,212,414,183,168,203,487,111,453,429,452,106,43,248,381,490,442,437,253,11,291,380,438,161,273,90,444,311,406,255,332,75,413,245,493,198,461,98,99,152,259,45,213,152,339,66,382,155,341
173,212,414,183,168,203,487,111,453,429,452,106,43,248,490,381,442,437,253,242,15,11,327,9,110,346,150,234,184,152,221,73,154,391,79,493,310,213,45,152,155,135,382,433,341
173,212,414,183,168,203,487,111,453,429,452,106,22,490,381,442,437,253,441,11,208,417,360,146,345,398,184,249,116,154,213,440,376,489,225,461,493,45,399,152,152,158,496,382,292,155,341
173,212,414,183,168,203,487,111,453,429,452,270,106,22,490,381,442,437,253,441,11,208,417,360,146,345,398,213,126,249,104,184,116,493,225,461,154,45,382,344,155,341
173,212,414,183,168,203,487,111,453,429,452,106,43,248,490,381,442,437,253,11,441,208,417,360,346,150,118,282,184,329,493,338,213,35,45,152,155,433,382,135,341
173,212,414,183,168,203,487,111,453,429,452,106,22,381,490,230,232,86,291,11,380,438,161,273,90,444,19,196,413,245,461,198,493,98,99,152,45,213,191,152,155,433,382,135,341
173,212,414,183,168,203,487,111,453,429,106,237,381,22,490,230,11,291,380,438,273,161,377,90,444,19,406,346,169,223,184,229,416,448,176,329,79,493,88,152,2,45,213,292,382,155,341
173,212,262,183,168,203,487,111,453,429,452,106,22,490,381,230,232,86,291,11,380,438,161,273,90,444,19,406,454,196,332,217,213,75,413,245,198,45,101,98,461,493,382,467,155,341
212,173,262,152,21,183,346,361,378,365,452,106,22,381,490,429,230,232,86,11,291,380,438,273,161,377,90,444,19,293,332,50,245,198,347,508,1,346,140,36,420,57,318,346,228,30,67,125,139,193,495,134,509,371,274,251,5,364,397,416,472,229,229,271,346,54,148,96,266,234,184,346,290,213,364,144,229,416,176,448,30,329,443,493,463,45,152,2,152,71,366,382,155,341
173,212,414,183,168,203,487,111,453,429,452,106,22,381,490,230,232,86,291,11,380,75,438,161,273,90,444,32,19,196,362,305,459,440,68,461,257,225,493,213,45,382,467,155,341
173,212,262,183,168,203,487,111,453,429,452,106,22,381,490,230,232,86,11,291,213,380,438,273,161,90,444,19,196,454,23,305,459,440,68,225,257,493,461,45,467,382,155,341
173,212,414,346,21,183,346,361,378,365,452,106,22,429,381,490,230,232,86,11,291,380,438,273,161,90,444,19,196,413,245,198,347,481,178,1,493,461,152,45,213,185,75,467,382,155,341
173,212,414,183,168,203,487,111,453,429,452,106,22,381,490,442,437,253,242,15,11,9,327,110,346,158,152,150,148,227,280,96,436,184,346,180,420,36,57,318,346,228,67,125,139,193,495,134,509,371,274,251,364,397,416,229,448,346,54,234,130,436,184,152,221,81,73,391,154,79,493,375,45,213,159,152,155,433,135,382,341
212,173,174,152,129,183,168,203,487,111,453,106,22,490,381,429,442,437,253,11,441,208,417,360,241,346,150,148,96,227,280,436,184,346,180,420,36,57,318,420,36,57,318,36,420,57,318,36,420,57,318,346,228,67,125,139,193,495,134,509,371,274,251,364,397,229,346,54,130,234,436,184,81,152,221,73,391,154,79,493,375,213,159,45,152,155,433,382,135,341
173,212,471,183,168,203,487,111,453,429,452,106,22,381,490,230,232,86,11,291,380,438,273,90,32,444,19,196,454,413,245,493,198,461,99,98,75,213,35,45,152,155,136,135,382,341
173,212,471,183,168,203,487,111,453,429,452,106,22,381,490,230,232,86,11,291,380,438,273,90,444,32,19,406,75,454,196,413,245,493,456,178,461,198,213,35,45,152,155,136,135,382,341
173,212,414,183,168,203,487,111,453,429,452,106,22,381,490,230,232,86,11,291,380,438,273,90,444,32,19,454,196,217,213,75,413,245,493,101,98,198,461,35,45,152,155,136,382,135,341
173,212,471,183,168,203,487,111,453,429,452,106,22,381,490,230,232,86,11,291,380,438,273,90,444,32,19,406,75,454,196,217,413,245,101,98,461,493,198,213,35,45,152,155,136,135,382,341
173,212,414,183,168,203,487,111,453,429,452,106,22,490,381,230,358,232,86,291,11,380,438,273,90,90,444,32,19,196,454,75,213,413,245,347,198,481,461,178,1,493,45,35,152,155,136,135,382,341
173,212,414,183,168,203,487,111,453,429,452,106,22,490,381,230,232,86,291,11,380,438,273,90,90,32,444,19,406,75,196,454,217,413,245,99,461,198,98,493,213,35,45,152,155,382,136,135,341
173,212,414,183,168,203,487,111,453,429,452,106,22,381,490,230,232,86,291,11,380,438,273,90,90,444,32,19,196,454,217,413,245,493,178,37,198,461,213,35,45,75,152,155,136,135,382,341
173,212,414,183,168,203,487,111,453,429,452,106,22,381,490,230,232,86,11,291,380,438,273,90,444,32,19,196,454,23,217,75,213,413,245,461,198,98,101,493,35,45,152,155,136,135,382,341
173,212,414,183,168,203,487,111,453,429,452,106,22,490,381,230,232,86,11,291,380,438,273,90,32,444,19,406,75,196,454,217,413,245,99,461,98,198,493,213,35,45,152,155,135,382,136,341
173,212,414,183,168,203,487,111,453,429,452,106,22,381,490,230,232,86,11,291,380,438,273,90,90,444,32,19,196,454,413,245,198,493,456,178,461,75,213,35,45,152,155,136,135,382,341
173,212,414,183,168,203,487,111,453,429,452,106,22,381,490,230,232,86,11,291,380,438,273,90,32,444,19,454,196,23,413,245,101,98,198,493,461,75,213,35,45,152,155,136,135,382,341
173,212,414,183,168,203,487,111,453,429,452,106,22,381,490,230,232,86,11,291,380,438,273,90,444,32,19,454,196,217,75,213,413,245,347,198,481,493,178,1,461,35,45,152,155,136,135,382,341
173,212,414,183,168,203,487,111,453,429,452,106,22,490,381,230,232,86,11,291,380,438,273,90,444,32,19,454,196,217,413,245,99,493,198,98,461,75,213,35,45,152,155,136,382,135,341
173,212,414,183,168,203,487,111,453,429,452,106,22,381,490,230,232,86,291,11,380,438,273,90,444,32,19,196,454,413,245,178,198,456,493,461,75,213,35,45,152,155,136,382,135,341
173,212,414,183,168,203,487,111,453,429,452,106,22,381,490,230,232,86,11,291,380,438,273,90,32,444,19,196,454,75,213,413,198,347,245,481,1,178,127,329,493,35,45,152,155,136,382,135,341
173,212,414,183,168,203,487,111,453,429,452,106,22,381,490,230,358,232,86,291,11,380,438,273,90,90,444,84,32,19,454,196,413,245,178,461,198,493,37,75,213,35,45,152,155,136,382,135,341
212,173,414,183,168,203,487,111,453,429,452,106,22,381,490,230,232,86,291,11,380,438,273,90,444,32,19,454,196,413,245,493,461,37,178,198,75,213,35,45,152,155,136,382,135,341
173,212,414,183,168,203,487,111,453,429,452,106,22,381,59,490,442,437,253,294,386,441,11,417,208,360,146,345,398,346,316,118,184,81,154,391,79,213,493,84,45,69,382,155,341
173,212,414,183,168,203,487,111,453,429,452,106,43,248,381,490,230,232,86,291,11,380,438,161,273,90,90,444,19,406,454,196,413,245,493,461,198,98,7,508,1,152,114,45,213,292,382,155,341
173,212,414,183,168,203,487,111,111,453,429,452,106,22,490,381,230,232,86,291,11,380,438,273,161,90,90,444,32,19,196,454,23,413,245,101,198,98,461,493,152,45,213,114,292,382,155,341
173,212,414,183,168,203,487,111,453,429,452,106,22,381,490,230,232,86,291,11,380,438,161,273,90,90,444,19,196,454,413,23,245,347,198,481,493,461,178,1,152,114,45,213,292,382,155,341
212,173,414,183,168,203,487,111,453,429,452,106,22,381,490,230,232,86,291,11,380,438,161,273,90,444,19,196,413,245,461,198,98,99,213,84,493,45,152,292,382,114,155,341
173,212,471,183,168,203,487,111,453,429,452,106,22,381,490,442,437,253,242,15,11,327,9,110,213,249,184,126,116,154,163,461,225,56,346,321,112,458,57,493,318,45,152,155,268,135,382,341
173,212,414,183,168,203,487,111,453,429,106,43,248,381,490,442,437,253,291,11,380,438,161,273,90,444,311,406,255,332,413,245,198,461,98,101,493,45,213,344,382,155,341
173,212,414,183,168,203,487,111,453,429,452,106,22,381,490,442,437,253,242,15,11,327,9,110,346,150,148,96,234,436,75,184,152,221,73,154,391,79,493,152,71,45,213,366,382,155,341
173,212,414,183,168,203,487,111,453,429,452,106,22,59,490,381,442,437,253,441,11,417,208,360,346,150,263,337,118,436,184,152,286,73,391,154,75,213,127,127,152,177,148,96,240,374,184,391,329,443,45,463,493,366,382,155,341
173,212,330,250,424,152,370,378,378,378,378,378,365,452,22,350,59,381,490,442,437,253,113,11,441,208,417,360,488,44,482,121,479,34,93,215,313,128,256,184,132,267,285,147,442,488,44,482,204,479,34,93,215,256,498,213,61,488,44,482,121,479,34,215,93,256,249,126,104,184,116,493,225,154,45,461,382,344,155,341
173,212,414,183,168,203,487,111,453,429,106,22,490,381,230,358,232,86,11,291,380,438,161,273,90,84,444,19,196,406,454,332,217,305,440,459,213,68,257,225,493,461,45,75,152,52,366,382,155,341
173,212,262,346,183,499,424,378,365,452,106,22,381,429,490,230,11,291,380,438,273,161,377,90,444,19,406,255,332,413,245,198,347,481,1,346,140,36,420,57,318,323,346,228,67,125,139,193,495,134,509,371,274,251,229,303,271,428,143,346,231,481,178,154,409,56,461,346,140,213,297,458,112,57,493,45,318,152,155,268,75,135,382,341
212,173,471,183,168,203,487,111,453,429,452,106,237,381,490,22,230,291,11,380,438,273,161,377,90,444,19,406,346,169,223,184,229,154,346,231,213,481,154,178,1,56,461,346,140,75,112,458,57,493,45,318,152,155,268,382,135,341
173,212,414,152,124,183,168,203,487,111,453,429,452,106,22,490,381,230,232,86,291,11,380,438,273,161,90,444,19,196,23,305,493,440,225,489,376,461,399,45,213,152,302,343,382,155,341
173,212,414,152,124,183,168,203,487,111,453,429,452,106,22,490,381,230,232,86,291,11,380,438,161,273,90,444,19,196,332,305,459,440,376,399,68,225,257,493,461,45,213,152,302,343,382,155,341
173,212,471,183,168,203,487,111,453,429,452,106,237,248,490,381,230,232,86,11,291,380,438,273,161,377,90,444,19,293,362,348,440,440,160,399,346,33,364,397,303,229,472,271,346,231,196,362,305,440,461,194,225,213,493,84,45,382,467,155,341
212,173,414,474,183,346,395,424,378,365,452,106,43,248,381,490,429,230,232,86,11,291,380,438,273,161,32,351,90,444,311,406,255,362,220,469,201,23,389,469,201,23,451,413,245,98,198,101,213,329,493,45,467,382,155,341
173,212,471,183,168,203,487,111,453,429,452,106,43,248,381,490,442,437,253,11,113,441,417,208,360,249,225,184,493,461,116,45,213,382,467,155,341
173,212,414,183,168,203,487,111,453,429,452,106,43,248,381,490,230,232,86,291,11,380,438,161,273,90,90,444,311,406,354,249,184,146,427,398,493,104,225,461,348,440,45,213,382,467,155,341
173,212,471,183,168,203,487,111,453,429,452,106,22,381,490,230,232,86,291,11,380,438,273,377,90,90,444,19,406,75,454,196,23,413,245,198,347,481,1,178,493,461,213,35,45,152,155,136,135,382,341
173,212,414,183,168,203,487,111,453,429,452,106,22,381,490,230,232,86,11,291,380,438,273,377,90,444,19,196,454,75,413,245,198,347,481,493,178,461,1,213,35,45,152,155,136,382,135,341
173,212,414,183,168,203,487,111,453,429,452,106,22,381,490,230,232,86,291,11,380,438,273,377,90,90,444,19,454,196,413,23,245,493,461,37,198,178,75,213,35,45,152,155,136,382,135,341
173,212,414,183,168,203,487,111,453,429,452,106,22,490,381,230,232,86,11,291,380,438,273,377,90,444,19,196,454,23,75,413,245,198,347,481,178,1,461,493,213,35,45,152,155,136,135,382,341
173,212,414,183,168,203,487,111,453,429,452,106,22,490,381,230,232,86,11,291,380,438,273,377,90,444,19,454,196,23,75,413,245,98,198,493,99,461,213,35,45,152,155,136,382,135,341
173,212,414,183,168,203,487,111,453,429,452,106,22,381,490,230,232,86,11,291,380,438,273,377,90,444,19,454,196,413,245,198,493,98,461,99,75,213,35,45,152,155,136,135,382,341
173,212,414,183,168,203,487,111,453,429,452,106,22,381,490,230,232,86,291,11,380,438,273,377,90,444,19,454,196,23,75,413,245,198,347,481,178,461,1,493,213,35,45,152,155,136,135,382,341
173,212,414,183,168,203,487,111,453,429,452,106,22,381,490,230,232,86,291,11,380,438,273,377,90,90,444,19,454,196,23,413,245,37,178,198,493,461,75,213,35,45,152,155,136,135,382,341
173,212,471,183,168,203,487,111,453,429,452,106,22,381,490,230,232,86,291,11,380,438,273,90,444,32,19,406,196,454,413,245,198,347,481,493,1,178,461,213,35,45,152,155,136,382,135,341
173,212,414,183,168,203,487,111,453,429,452,106,22,381,490,230,232,358,86,11,291,380,438,273,377,90,444,19,406,75,196,454,413,245,493,198,461,98,99,213,35,45,152,155,135,136,382,341
173,212,414,183,168,203,487,111,453,429,452,106,22,490,381,230,232,86,291,11,380,438,273,90,444,32,19,196,413,245,198,493,461,98,101,45,213,152,155,136,382,135,341
173,212,414,183,168,203,487,111,453,429,452,106,22,490,381,230,232,86,291,11,380,438,273,90,32,444,19,196,413,245,198,461,98,99,493,45,213,152,155,136,135,382,341
212,173,471,183,168,203,487,111,453,429,452,106,22,490,381,230,232,86,11,291,380,438,273,90,444,32,19,196,413,245,493,461,98,99,198,45,213,152,155,136,382,135,341
173,212,414,183,168,203,487,111,453,429,452,38,502,106,490,381,230,232,86,291,11,380,438,273,90,444,32,19,196,413,245,198,461,99,98,493,45,213,152,155,136,135,382,341
173,212,471,183,168,203,487,111,453,429,452,38,502,106,381,490,230,232,86,291,11,380,438,273,90,444,32,19,196,413,245,198,461,37,493,178,45,213,152,155,136,135,382,341
212,173,383,346,499,183,346,361,378,365,452,106,43,248,381,429,490,230,232,86,11,291,380,438,273,161,444,311,90,406,90,255,332,413,245,101,98,329,198,476,493,338,213,159,178,184,240,506,329,476,493,35,338,45,50,245,198,152,80,75,344,382,155,341
173,212,471,183,168,203,487,111,453,429,452,106,43,248,381,490,442,437,253,242,15,11,9,327,110,249,184,126,116,154,443,225,213,45,461,329,493,152,185,382,467,155,341
212,173,471,183,424,152,395,378,365,452,270,106,22,429,381,490,442,437,253,441,11,208,417,360,488,44,482,121,479,34,215,93,128,256,313,184,443,116,146,345,398,132,267,285,147,442,488,44,482,204,479,34,93,215,249,256,184,104,116,154,225,127,219,127,329,222,310,493,306,210,213,45,152,155,400,75,382,135,341
173,212,414,183,168,203,487,111,453,429,39,106,22,490,230,232,86,291,11,380,438,273,377,205,444,19,454,196,332,214,245,347,198,508,1,346,140,420,36,57,318,346,228,67,125,139,193,495,134,509,371,274,251,5,364,397,303,229,472,346,410,305,440,159,213,45,225,489,493,440,461,298,319,152,52,366,382,155,341
173,212,414,183,168,203,487,111,453,429,106,39,22,490,230,232,86,291,11,380,438,273,377,205,444,19,196,454,214,245,198,347,481,1,346,140,420,36,318,57,346,228,67,125,139,193,495,134,509,371,274,251,5,364,397,229,472,303,346,410,305,489,461,225,440,298,493,152,252,213,45,159,152,155,400,152,363,156,382,155,341
173,212,414,183,424,152,395,378,365,452,106,419,147,381,490,429,285,442,437,253,441,11,417,208,110,443,128,184,44,488,482,204,479,34,93,215,184,104,249,443,213,225,461,493,45,152,155,400,382,135,341
173,212,414,183,168,203,487,111,453,429,452,106,237,381,490,22,230,11,291,380,438,273,161,377,90,444,19,406,201,23,41,184,348,194,440,225,355,329,493,45,213,152,496,382,292,155,341
173,212,262,183,168,203,487,111,453,429,452,106,22,381,490,442,437,253,441,11,208,417,360,72,313,184,128,346,321,420,36,57,318,346,228,67,125,139,193,495,134,509,371,274,251,364,397,416,229,448,346,54,130,234,436,184,92,152,221,213,73,391,154,79,493,375,45,152,71,382,366,155,341
173,212,262,183,168,203,487,111,453,429,452,106,22,490,381,230,232,86,291,11,380,438,273,161,90,444,19,196,413,198,493,7,338,98,329,245,213,35,45,382,344,155,341
173,212,414,183,168,203,487,111,453,429,452,106,43,248,490,381,230,232,86,291,11,380,438,273,161,90,444,19,196,413,101,198,329,98,493,338,213,35,45,344,382,155,341
212,173,414,183,168,203,487,111,453,429,452,106,419,147,490,381,285,230,232,86,291,11,380,438,273,161,90,444,311,406,346,17,178,461,184,497,322,493,182,45,213,55,155,133,135,382,341
173,212,414,183,168,203,487,111,453,429,452,106,419,147,381,490,285,442,437,253,11,441,208,417,360,346,186,184,178,497,461,322,493,182,213,45,55,155,133,382,135,341
173,212,414,183,168,203,487,111,453,429,452,106,419,147,490,381,285,442,437,253,11,441,208,417,360,443,346,17,178,497,184,461,443,322,493,182,45,213,55,155,133,382,135,341
173,212,414,183,168,203,487,111,453,429,452,106,419,147,490,381,285,442,437,253,242,15,11,327,9,110,225,184,461,249,116,346,412,213,322,45,493,182,55,155,133,135,382,341
173,212,414,183,168,203,487,111,453,429,452,106,419,147,490,381,285,442,437,253,242,15,11,327,9,360,346,17,461,178,497,184,322,182,493,213,45,55,155,133,135,382,341
173,212,414,183,168,203,487,111,453,452,106,22,381,490,230,11,291,380,438,273,161,90,90,444,19,406,293,146,345,398,411,218,196,454,362,305,440,459,298,399,68,225,329,257,493,338,152,252,213,35,45,382,344,155,341
173,212,471,183,168,203,487,111,453,429,452,106,22,490,381,230,232,358,86,291,11,380,438,161,273,90,90,19,444,406,454,196,23,146,345,398,411,218,305,440,213,298,440,459,399,68,225,257,493,338,329,35,45,382,467,155,341
173,212,262,183,168,203,487,111,453,429,452,106,22,381,490,230,291,11,380,438,273,161,444,90,90,19,406,201,146,345,398,411,218,196,454,362,305,440,298,459,399,68,225,257,329,338,493,152,213,252,35,45,382,344,155,341
173,212,414,183,168,203,487,111,453,429,429,452,106,22,381,490,442,437,253,11,95,441,157,208,417,360,184,249,493,461,225,116,341,404,382
173,212,330,250,424,152,370,378,365,452,22,59,381,350,490,442,437,253,15,11,9,327,110,346,316,148,96,234,367,184,263,190,367,92,346,460,488,44,482,204,479,34,215,93,104,116,154,225,355,329,163,213,443,443,493,463,45,152,52,341,382
212,173,414,183,168,203,487,111,453,429,452,106,237,490,381,22,230,11,291,380,438,161,273,377,90,444,19,406,131,491,184,348,440,346,321,235,57,318,346,228,364,397,229,303,271,346,231,413,101,461,493,198,98,245,354,45,213,382,344,155,341
173,212,471,183,31,168,203,487,111,453,429,452,106,43,248,381,490,230,232,86,11,291,380,438,161,273,90,444,32,19,196,332,305,440,440,376,459,399,85,225,154,493,461,152,213,45,52,75,382,366,155,341
173,212,414,183,168,203,487,111,453,429,452,106,43,248,381,490,230,232,86,291,11,380,438,273,161,90,444,19,196,454,362,217,305,440,461,194,493,225,152,45,213,252,152,155,400,382,135,341
173,212,414,183,168,203,487,111,453,429,452,106,22,381,490,230,232,86,291,11,380,438,273,161,90,444,19,406,255,332,305,440,225,194,493,461,152,45,213,252,152,155,135,400,382,341
173,212,414,183,168,203,487,111,453,429,452,106,43,248,490,381,442,437,253,11,113,441,208,417,360,184,493,225,249,461,116,45,213,382,467,155,341
173,212,414,183,168,203,487,111,453,429,452,106,43,248,381,490,230,232,86,291,11,380,438,273,161,90,444,19,196,413,245,347,198,481,1,178,493,461,45,213,152,185,152,155,109,382,135,341
173,212,414,183,168,203,487,111,453,429,452,106,43,248,381,490,230,232,86,11,291,380,438,161,273,90,32,444,19,406,255,332,413,245,98,99,198,493,338,329,213,35,45,152,155,400,382,135,341
173,212,414,183,168,203,487,111,453,429,452,106,43,248,490,381,230,232,86,11,291,380,438,273,161,90,444,19,196,413,245,198,329,98,99,493,338,213,35,45,152,155,400,382,135,341
173,212,471,183,168,203,487,111,453,429,452,106,43,248,381,490,230,232,86,11,291,380,438,273,161,90,90,444,19,454,196,413,245,338,198,101,98,329,84,493,50,245,198,213,35,45,152,155,400,135,382,341
173,212,414,183,168,203,487,111,453,429,452,106,22,381,490,230,232,86,11,291,380,438,273,377,90,90,444,19,406,454,196,413,245,198,456,461,493,178,45,213,75,152,155,136,382,135,341
173,212,262,183,168,203,487,111,453,429,452,106,43,248,381,490,442,437,253,441,11,208,417,360,346,150,234,184,391,493,79,45,213,152,155,433,382,135,341
173,212,414,183,168,203,487,111,453,429,452,106,43,248,490,381,442,437,253,11,441,315,208,417,360,346,14,118,184,152,286,73,154,391,493,79,152,177,152,244,45,213,467,382,155,341
212,173,262,346,183,499,424,378,365,452,106,22,381,429,490,230,11,291,380,438,273,161,377,90,19,444,406,255,362,305,194,440,346,321,36,420,57,318,346,228,67,125,139,193,495,134,509,371,274,251,5,364,397,303,229,176,271,493,329,79,152,2,45,213,292,382,155,341
173,212,414,183,168,203,487,111,453,429,452,106,22,381,490,230,11,291,380,438,161,273,377,90,444,19,454,196,332,413,245,198,481,1,346,464,213,36,420,57,318,346,228,67,125,139,193,495,134,509,371,274,251,5,364,397,229,303,271,176,493,79,329,45,152,2,382,292,155,341
173,212,471,183,168,203,487,111,453,429,452,106,43,248,381,490,230,232,86,291,11,380,438,273,161,90,444,32,19,196,413,245,198,347,213,481,409,461,178,493,45,152,114,292,382,155,341
173,212,471,183,168,203,487,111,453,429,452,106,22,381,490,230,232,86,11,291,380,438,273,161,90,444,19,196,413,245,329,198,99,98,476,338,493,213,35,45,382,344,155,341
212,173,414,346,183,21,346,361,378,365,452,106,22,429,381,490,230,11,291,380,438,273,161,377,90,444,19,196,362,214,245,198,347,481,1,346,10,55,27,430,314,27,67,125,139,193,495,134,509,371,274,251,5,364,397,229,303,271,359,297,61,213,223,184,229,416,448,176,329,79,56,88,75,346,340,112,458,45,493,57,318,382,29,155,341
212,173,262,183,168,203,487,111,453,429,452,106,22,490,381,230,232,86,291,213,11,380,438,273,161,90,444,19,196,332,305,440,225,194,45,493,461,152,158,75,152,158,66,382,155,341
212,173,471,183,168,203,487,111,453,429,452,106,22,381,490,230,232,86,291,11,380,438,161,273,90,444,32,19,196,362,305,372
212,173,471,346,183,21,346,361,378,365,452,106,22,429,381,490,230,291,11,380,438,273,161,90,444,19,406,196,332,305,440,298,459,399,68,461,225,257,45,493,75,467,382,155,341
212,173,471,183,168,203,487,111,453,429,106,22,381,490,230,291,11,380,438,273,161,90,19,444,196,413,245,347,198,481,461,1,178,493,45,75,382,344,155,341
212,173,262,346,499,183,346,361,378,365,452,106,22,429,381,490,230,11,291,380,438,273,161,90,444,19,406,196,332,305,459,440,68,257,461,493,225,45,75,382,467,155,341
212,173,262,346,183,499,346,361,378,365,452,106,22,381,429,490,230,11,291,380,438,273,161,90,444,19,406,196,332,305,459,440,68,225,257,461,493,45,75,467,382,155,341
212,173,262,31,183,168,203,487,111,453,429,452,106,43,248,381,490,442,437,253,291,11,380,438,161,273,90,444,32,311,406,255,332,413,245,461,99,198,493,98,213,45,382,390,155,341
173,212,262,152,183,499,424,378,365,452,106,43,248,429,490,381,230,232,86,11,291,380,438,273,161,377,90,444,311,406,348,440,346,150,148,96,266,138,213
173,212,414,183,168,203,487,111,453,429,452,106,43,248,490,381,442,437,253,242,15,11,9,327,110,249,184,461,225,493,116,45,213,382,87,155,341
173,212,414,183,168,203,487,111,453,429,452,106,43,248,490,381,442,232,86,11,291,380,438,273,161,377,90,90,444,311,406,346,150,263,337,118,184,346,60,420,36,57,318,346,228,67,125,139,193,495,134,509,371,274,251,229,416,271,152,51,73,176,154,79,213,84,493,45,382,292,155,341
212,173,262,183,168,203,487,111,453,429,452,106,22,490,381,230,11,291,380,438,273,161,90,444,19,406,255,332,413,245,98,493,461,7,198,45,213,382,344,155,341
173,212,471,183,168,203,487,111,453,106,22,490,381,230,291,11,380,438,273,161,377,90,444,19,196,332,413,245,198,347,48,481,1,346,140,36,420,57,318,346,228,67,125,139,193,495,134,509,371,274,251,5,213,297,303,229,271,143,428,346,231,481,154,178,1,56,461,346,140,112,458,57,493,45,318,152,155,268,75,135,382,341
212,173,383,183,424,152,395,378,365,452,106,22,381,429,490,442,437,253,11,113,441,208,417,360,346,14,148,96,234,436,184,346,180,36,420,318,57,346,228,67,125,139,193,495,134,509,371,274,251,416,229,448,176,418,329,213,443,463,56,375,346,340,112,458,493,57,45,318,152,155,268,75,135,382,341
212,173,262,183,424,152,361,378,365,452,106,22,381,59,429,490,442,437,253,294,386,441,11,208,417,360,346,150,148,96,234,367,184,263,190,367,92,346,460,488,44,482,204,479,34,215,93,104,116,154,354,132,325,442,116,488,44,482,480,479,34,215,93,104,116,154,225,152,158,355,329,163,213,443,463,493,45,152,158,75,344,382,155,341
173,212,383,183,168,203,487,111,453,429,429,452,106,22,490,381,442,437,253,11,441,208,417,360,488,44,482,121,479,34,215,93,256,249,184,346,321,36,420,57,318,346,228,67,125,139,193,495,134,509,371,274,251,271,229,176,142,329,213,443,56,463,346,340,112,458,57,493,318,45,152,155,268,75,135,382,341
212,173,471,183,168,203,487,111,453,429,452,106,22,490,381,230,291,11,380,438,273,161,377,90,444,19,224,23,255,332,413,245,347,198,481,1,346,140,420,36,318,57,346,228,67,125,139,193,495,134,509,371,274,251,5,364,397,229,303,271,176,329,56,79,346,340,213,458,112,57,493,45,318,152,155,268,75,152,363,366,382,155,341
212,173,471,183,168,203,487,111,453,429,452,106,22,381,490,230,11,291,380,438,273,161,377,90,444,19,224,23,255,332,413,245,198,347,481,1,346,140,36,420,57,318,346,228,67,125,139,193,495,134,509,371,274,251,5,364,397,303,229,176,271,329,56,79,346,340,213,458,112,57,493,45,318,152,155,268,75,152,363,156,382,155,341
212,173,471,183,168,203,487,111,453,429,452,106,22,381,490,230,291,11,380,438,161,273,377,90,444,19,224,23,255,332,413,245,198,347,481,1,346,140,36,420,57,318,36,420,57,318,346,228,67,125,139,193,495,134,509,371,274,251,5,364,397,229,303,271,176,329,79,56,346,340,213,458,112,57,45,493,318,152,155,268,75,152,363,382,366,155,341
173,212,262,183,168,203,487,111,453,429,452,106,22,381,490,230,11,291,380,438,273,161,377,90,90,444,19,196,454,413,245,347,198,481,1,346,140,36,420,318,57,346,228,67,125,75,139,193,495,134,509,371,274,251,5,364,397,229,303,176,271,79,329,56,346,340,112,458,57,493,318,45,213,152,155,268,341,382
173,212,414,183,168,203,487,111,453,429,452,106,43,248,381,490,230,232,86,11,291,380,438,273,161,90,444,19,196,362,305,440,459,97,362,143,354,213,146,427,398,348,440,298,45,489,225,461,493,399,382,467,155,341
173,212,414,183,168,203,487,111,453,429,452,106,43,248,381,490,442,437,253,242,15,11,327,9,110,184,126,249,116,154,225,461,493,45,213,152,155,400,135,382,341
173,212,414,183,168,203,487,111,453,429,452,106,43,248,381,490,442,437,253,242,15,11,327,9,110,184,126,249,116,154,225,461,493,45,213,152,155,400,135,382,341
173,212,262,183,168,168,203,487,111,453,429,452,106,22,381,490,230,358,232,86,213,11,291,380,438,161,273,90,444,32,19,196,413,461,45,101,98,198,493,245,152,80,152,155,400,382,135,341
173,212,414,183,168,203,487,111,453,429,452,106,22,381,490,442,437,253,242,15,11,327,9,225,45,461,493,329,116,75,382,344,155,341
173,212,414,183,168,203,487,111,453,429,452,28,106,237,490,381,22,442,11,441,208,334,213
173,212,414,183,346,395,378,378,365,452,106,22,381,429,490,442,437,253,11,291,380,438,161,273,90,444,346,150,148,96,234,436,184,346,180,36,420,57,318,346,228,67,125,139,193,495,134,509,371,274,251,271,229,154,391,418,329,213,443,463,56,346,340,458,112,45,57,493,318,152,155,268,75,135,382,341
173,212,414,183,168,203,487,111,453,429,452,106,43,248,490,381,230,232,86,291,11,380,438,273,161,90,444,32,19,196,454,362,305,194,493,461,440,225,45,213,152,155,382,135,109,341
173,212,414,183,168,203,487,111,453,429,452,106,43,248,490,381,230,232,86,11,291,380,438,161,273,90,444,19,406,196,362,305,194,225,461,440,493,45,213,152,155,109,382,135,341
173,212,383,183,168,203,487,111,453,429,452,106,22,381,490,230,232,86,291,11,380,438,273,161,90,444,19,196,362,213,305,225,45,194,440,493,461,152,155,109,382,135,341
173,212,471,183,168,203,487,111,453,429,452,106,381,490,22,230,232,86,11,291,380,438,161,273,90,444,19,196,332,305,459,440,68,461,257,493,225,45,213,152,302,152,155,500,382,135,341
173,212,414,183,168,203,487,111,453,429,452,106,22,381,490,230,291,11,380,438,273,161,90,90,444,32,19,196,454,362,305,440,459,68,493,225,461,257,45,213,152,155,382,109,135,341
173,212,414,183,168,203,487,111,453,429,452,106,22,381,490,230,232,86,11,291,380,438,161,273,90,444,19,196,332,413,245,99,198,98,461,493,152,114,45,213,152,155,433,135,382,341
173,212,414,183,168,203,487,111,453,429,452,106,43,248,490,381,230,232,358,86,11,291,380,438,161,273,90,90,444,19,196,454,23,217,413,245,198,98,101,461,493,152,45,213,114,152,155,433,135,382,341
212,173,414,183,168,203,487,111,453,429,452,106,22,381,490,230,358,232,86,11,291,380,438,273,161,90,444,19,196,362,305,440,461,225,493,194,152,158,152,252,213,45,152,155,400,382,135,341
173,212,414,183,168,203,487,111,453,429,452,106,22,381,59,490,442,437,253,294,386,441,11,208,417,360,146,345,398,346,316,184,118,92,391,154,493,79,45,213,382,156,155,341
173,212,414,183,168,203,487,111,453,429,452,106,22,381,490,230,232,86,291,11,380,438,273,161,90,444,32,19,196,413,245,198,493,461,7,98,45,213,152,155,400,135,382,341
173,212,414,183,168,203,487,111,453,429,452,106,22,381,490,230,232,86,11,291,380,438,273,161,90,444,19,406,196,413,245,198,347,481,178,493,461,1,152,259,213,45,366,382,155,341
173,212,262,183,168,203,487,111,453,429,452,106,22,490,381,230,232,86,11,291,380,438,161,273,90,444,32,19,406,196,23,305,440,97,362,213,50,245,347,198,481,143,440,461,1,493,178,45,152,259,152,324,382,343,155,341
173,212,414,183,168,203,487,111,453,429,452,106,22,381,490,230,232,86,291,11,380,438,161,273,90,444,19,196,454,23,305,459,440,68,493,257,225,461,432,440,461,493,489,298,225,399,45,213,152,302,382,343,155,341
173,212,174,152,129,183,168,203,487,111,453,429,452,106,237,248,490,381,230,358,232,86,11,291,380,438,273,161,377,90,444,32,19,406,201,332,348,440,160,440,399,346,33,364,397,472,229,303,271,54,79,184,391,223,346,213,340,112,318,57,346,295,322,493,182,45,55,155,133,382,135,341
173,212,471,183,168,203,487,111,453,429,452,38,502,106,381,490,230,232,358,86,291,11,380,438,273,90,444,32,19,406,196,454,217,413,245,198,432,508,178,409,493,461,75,213,45,66,382,155,341
173,212,414,183,168,203,487,111,453,429,452,106,22,381,490,230,11,291,380,438,273,161,377,90,444,19,293,23,131,184,305,440,194,346,321,420,36,57,318,346,228,67,125,139,193,495,134,509,371,274,251,5,364,397,303,229,271,154,176,75,329,79,56,346,340,213,458,112,57,45,493,318,152,153,382,366,155,341
173,212,414,183,168,203,487,111,453,429,452,106,43,248,381,490,230,232,86,291,11,380,438,161,273,90,90,444,19,406,196,454,217,213,305,440,194,225,296,493,45,329,152,52,366,382,155,341
212,173,174,152,183,129,168,203,487,111,453,429,452,106,237,248,381,490,230,232,86,291,11,380,438,273,161,377,90,90,444,19,201,362,70,258,258,346,478,364,397,472,229,303,303,271,346,75,326,118,493,282,79,184,213,45,382,366,155,341
212,173,414,183,168,203,487,111,453,429,452,106,43,248,381,490,230,232,86,291,11,380,438,161,273,377,90,444,19,293,23,313,184,413,245,198,347,508,1,346,140,213,420,36,57,318,346,228,67,125,139,193,495,134,509,371,274,251,416,229,271,152,51,73,176,154,56,79,346,504,458,112,493,57,45,318,75,152,153,382,366,155,341
173,212,174,152,129,183,168,203,487,111,453,429,452,106,237,381,490,22,230,291,11,380,438,161,273,377,90,444,19,293,332,348,440,346,321,235,57,318,346,228,364,397,229,303,271,346,231,196,413,245,37,178,461,198,152,213,65,88,493,45,50,245,198,152,80,344,382,155,341
173,212,414,183,168,203,487,111,453,452,106,237,248,490,381,230,232,86,291,11,380,438,273,161,377,90,444,311,293,23,171,184,348,440,346,321,235,57,318,346,228,364,397,472,229,303,271,346,231,255,332,413,245,99,329,98,198,476,56,338,346,140,213,35,341,493,458,382,112
212,173,262,346,183,499,346,361,378,365,106,22,381,429,490,230,11,291,380,438,161,273,90,444,19,196,23,146,345,398,305,298,459,440,399,68,493,225,257,329,338,152,252,213,35,45,152,155,400,135,382,341
173,212,414,183,168,203,487,111,453,429,452,106,43,248,381,490,230,358,232,86,11,291,380,438,273,161,90,444,19,406,196,332,413,245,493,338,329,98,99,198,152,213,80,35,45,152,155,400,382,135,341
173,212,414,183,168,203,487,111,453,429,452,106,43,248,490,381,230,232,358,86,11,291,380,438,161,273,90,444,19,406,196,362,305,461,225,194,440,493,152,158,213,45,467,382,155,341
173,212,414,183,168,203,487,111,453,429,452,106,43,248,381,490,230,232,86,291,11,380,438,273,161,90,444,19,196,332,305,461,493,194,225,440,45,213,382,467,155,341
173,212,471,183,168,203,487,111,453,429,452,106,43,248,490,381,442,437,253,441,11,417,208,360,360,346,14,234,184,152,221,73,154,391,493,79,213,45,152,244,382,467,155,341
173,212,414,183,168,203,487,111,453,429,452,106,22,381,490,442,437,253,441,11,417,208,360,346,14,234,184,391,154,79,493,45,213,382,366,155,341
173,212,414,183,168,203,487,111,453,429,452,106,419,147,381,490,285,442,239,64,113,11,441,417,208,360,346,17,497,184,461,178,322,182,493,213,45,55,155,133,135,382,341
173,212,383,183,168,203,487,111,453,429,452,106,419,147,381,490,285,442,437,253,242,15,11,9,327,110,346,186,184,178,497,461,322,493,182,45,213,55,155,133,382,135,341
173,212,414,183,168,203,487,111,453,429,452,106,419,147,490,381,285,442,437,253,441,11,208,417,360,346,186,178,497,461,184,322,182,493,213,45,55,155,133,135,382,341
173,212,414,183,168,203,487,111,453,429,452,106,419,147,381,490,285,442,437,253,441,11,208,417,360,346,186,461,497,184,178,322,182,493,45,213,55,155,133,382,135,341
212,173,383,346,183,424,21,152,361,378,365,452,106,419,147,381,429,490,285,442,437,253,441,11,208,417,360,443,346,497,186,461,178,184,443,84,322,493,182,45,213,55,155,133,382,135,341
173,212,414,183,168,203,487,111,453,429,452,106,419,147,381,490,285,442,437,253,242,15,11,327,9,110,346,17,461,178,184,497,322,182,493,45,213,55,155,133,382,135,341
173,212,262,183,168,203,487,111,453,429,452,106,22,490,381,442,437,253,441,11,208,417,225,219,493,329,116,152,158,306,45,467,382,155,341
173,212,174,152,129,183,168,203,487,111,453,429,452,106,22,381,490,230,291,216,11,380,438,273,161,377,90,444,19,454,196,214,245,347,198,481,1,346,140,420,36,57,318,346,228,67,125,139,193,495,134,509,371,274,251,5,364,397,303,229,271,346,410,305,440,459,68,225,257,493,461,45,213,467,382,155,341
212,173,471,152,124,183,168,203,487,111,453,429,452,106,22,381,490,230,291,11,380,438,161,273,90,444,19,196,362,305,440,459,68,461,225,257,493,45,213,467,382,155,341
173,212,471,183,168,203,487,111,453,429,452,106,22,490,381,230,232,86,11,291,380,438,273,161,90,90,444,19,406,454,196,332,217,413,245,347,198,481,1,178,461,493,45,213,382,344,155,341
173,212,414,183,168,203,168,203,487,111,453,429,452,106,43,248,381,490,230,232,86,11,291,380,438,273,161,90,444,19,196,454,23,217,305,459,440,143,97,362,213,354,213,146,427,398,348,461,45,298,440,225,489,493,399,467,382,155,341
212,173,471,183,346,395,424,378,365,106,22,381,429,490,230,11,291,380,438,273,161,377,90,444,19,196,23,413,245,347,198,481,1,346,140,36,420,57,318,346,228,67,125,139,193,495,134,509,371,274,251,229,303,271,428,143,297,213,346,231,481,178,1,461,493,45,152,185,152,496,292,382,155,341
173,212,414,6,152,183,21,346,361,378,365,452,106,22,490,381,429,230,232,86,291,11,380,438,161,273,377,90,444,19,406,255,332,214,245,198,347,346,80,152,140,36,420,57,318,346,228,67,125,139,193,495,134,509,371,274,251,5,364,397,472,229,416,229,271,346,410,413,245,99,98,461,493,198,152,158,45,213,467,382,155,341
173,212,262,183,6,346,361,378,365,452,106,22,381,429,490,230,232,86,213,11,291,380,438,273,161,90,444,19,406,196,23,89,305,493,440,194,225,45,461,382,467,155,341
173,212,414,183,168,203,487,111,453,429,452,106,22,490,381,230,232,86,11,291,380,438,161,273,90,90,90,90,444,19,406,454,196,23,413,245,493,198,99,98,461,45,213,152,259,382,366,155,341
173,212,414,183,168,203,487,111,453,429,452,106,22,490,381,230,291,11,380,438,161,273,90,90,444,19,454,196,362,305,440,194,225,493,461,45,213,152,52,382,366,155,341